[1,["1flYaOYpNFuKkn4hep3hx6","2a9F6KYu9JeaI4m7IMYsgE@f9941","27gM9MxfFNCp69cp1fl5Tm@1f586","a7YStUNeNCOKGpSntUY1g5","9cliuL1FdK3KxWKkACSZLX@f9941","5dAxZaj8ZI8rqoIC6WI3hE@f9941","f1tmlMj8BHm7JboUk4TPsU@f9941","d7EzaTiuFGv7fhlcUccyBB@f9941","02OBjIP1tKr5c8xu8+HcmL@f9941","f5hyWqhxVPWZgXa01c16vu@f9941","acozXXX5JEbIYEcj5ffo0t@f9941","feHBofl/pBx70PkkAxiRMD@f9941","7bixjVnnJKBqFaw1EOi5uq@f9941","91SIVdSjpNLL+CdnLHCyXS@f9941","42JjNpmy9IspVgqyJXrl6n@f9941","20g1ukYUVPvKWKBRznAKo+@f9941","54TknWPwVPqJqeCR+Y/Czo@f9941","95EkngnxZFbYuFpsqVTaFr@f9941","7dJPkcgtxJd4XtTUedBvfm@f9941","65XDBeLVFILqv12YvbOnJv@f9941","88YCjZyOhFOah6TOGePiR8@f9941","a5I71AjYRNfKwOM8+67ElQ@f9941","b6qFD3tuVJObHHMP2yGSyM@f9941","e01qgELOhO2rRDAe6Y2T2J@f9941","7dy4zsSJFOd6W+fdB7t5V7@f9941","85Gfcdew1Pr6rKdTEkV2Du@f9941","59hMeOgFtDILUMQ2bx9P5U@f9941","48mPdPrZlMor6nTDF2u96X@f9941","7dj5uJT9FMn6OrOOx83tfK@f9941","f97kjzR8tBi7Nykj3LXwg6@f9941","98EkoeKtVL1ps1NkIXtcaD","52nSft8QNBur/7fIwiRQ8L@f9941","4fxIfs6uhNN5FK1KUyW5/I@f9941","0c2GA6nWVHAbe06/EpATrU","a8f4RlmY5Mr6RZSxJjFjH/","f3mkcWcHJKkoCLRi5GxvcV@f9941","81N1hO3BVN75zpgKAKxYh3@f9941","5a6a2akHNDqZNrhWGV1L2m@f9941","2eik3/XmNJaZchW82tiqC2@f9941","0bZ/2IJmdA0Y/yVkAmrhWC@f9941","7fW0vDT/JP37CtmVYrmVCh@f9941","08K/YPzEJAZ4ZGVLIC+Lxe@f9941","2dwnENSuxILI1TdUTaknb8@f9941","a5hypqSExB+YT+Rjvmwk4m@f9941","14WjTX2GtOhZof+rw9RRZy@f9941","cfc0ltlfhAeJnCFO8g+b6R@f9941","c7L4w9nRBHfKm4NtiKzBa7@f9941","98Z9j83T5NBppbOLZUjs9k@f9941","3aDHXfq41ApoyAG96H7kCS@f9941","3ep9jQjvBOCoBdYy69YFM5@f9941","a0TBwcxedHPKQDOpLSPMEO@f9941","b22DDTE/9DcLvHkba7xxfV@f9941","88bJXtWM9PAbbb2Xq3Q4R7@f9941","1cIt1OEjBPn6IJ7zuT7OZ2@f9941","06cXctT/9M3INoYgeNA5en@f9941","bfMbgrsGhAd7SrhsmDhvSx@f9941","5a+F1ew2BP5aMwWW4WLTPN@f9941","e1y1r/GUdHV7xFPz56JQ8R@f9941","a7yfy/b4tHyb3/mPpX3u7U@f9941","38r1sKBoJAxIGV/QlfEhSd@f9941","02OBjIP1tKr5c8xu8+HcmL@6c48a","5afxHlYmJEPLU96JhFraHV@6c48a","06cXctT/9M3INoYgeNA5en@6c48a","08K/YPzEJAZ4ZGVLIC+Lxe@6c48a","0bZ/2IJmdA0Y/yVkAmrhWC@6c48a","cfzBb+XixK5rGnz3a5t0lt@f9941","daAPEDzxVFQZh9qrcl5vVh@f9941","a68rOtn6VFiKKUqbnjHUq/@f9941","79cvW2wjBA5oLfFbk4ENnv@f9941","d1gER3lHJLlJkS8Vm+pzmW@f06f0","d1gER3lHJLlJkS8Vm+pzmW@438fe","39BBXZbR9H0abcoteu5LlG","0b+WADfHtFeqReZNI30UY0@64be3","0b+WADfHtFeqReZNI30UY0@438fe","5bHIYyEXtIBoQKC7aSeojX@9ebbc","5bHIYyEXtIBoQKC7aSeojX@438fe","f3aBiUzR5GkZFB9j7LX3vQ","5bHIYyEXtIBoQKC7aSeojX@3f0c5","d8AFyytWZKcqmI7LUH089p","10yG2Fj4xAGpatv6xAAlOe@f25ae","10yG2Fj4xAGpatv6xAAlOe@438fe","055lB+5xdGc63Bo94da9Rd","10yG2Fj4xAGpatv6xAAlOe@c6160","bbUD48RLlK6ppH6b0XWD5I","7dYXiABWJBMacpCEi1ZXLZ@3c70c","7dYXiABWJBMacpCEi1ZXLZ@438fe","804J4saDVFfrZB7lmniklX","7dYXiABWJBMacpCEi1ZXLZ@b16e1","c9V1DVhQNJMrpmlDJNkmiH@f9941","c0VOr4i/tFebiRe3JLEmYI@f9941","5ewKL2DxBJgoTVu/xggmZB@f9941","882MDHLbFNfaAsaK+Pw4Ny@f9941","a8Qk0aLyJN9KgVWCDfe44M@f9941","d7VLs1LsBKQqVU5AZ9xvmU@f9941","a68YXGepZJfbzWIxex/nZf@f9941","e09RxUJ6xAQIt4tAelmJYs@f9941","b0wiRMhn9P1JdkEeW8DAB6@f9941","e4h/vpgrBC3Ki6phwrsKI/@f9941","86YUSS1ztNPK5e92yrWrYS@f9941","c7WM8mJQVFXIXBmS1wdjBv@f9941","e5DLCFgj5GMoacNEZz08J4@f9941","d0MqyYBeFAkIi762QNy1/B@b47c0","6fAc9/gb9Kfr1dCvwZaWSA@b47c0","6faPHJpGFK9LziG5sLFbQS@6c48a","14WjTX2GtOhZof+rw9RRZy@6c48a","1cIt1OEjBPn6IJ7zuT7OZ2@6c48a","2a9F6KYu9JeaI4m7IMYsgE@6c48a","2dwnENSuxILI1TdUTaknb8@6c48a","2eik3/XmNJaZchW82tiqC2@6c48a","38r1sKBoJAxIGV/QlfEhSd@6c48a","ca9K8CjwNEP5YUbHHtp28Y@6c48a","3aDHXfq41ApoyAG96H7kCS@6c48a","3ep9jQjvBOCoBdYy69YFM5@6c48a","42JjNpmy9IspVgqyJXrl6n@6c48a","48mPdPrZlMor6nTDF2u96X@6c48a","4fxIfs6uhNN5FK1KUyW5/I@6c48a","52nSft8QNBur/7fIwiRQ8L@6c48a","59hMeOgFtDILUMQ2bx9P5U@6c48a","5a6a2akHNDqZNrhWGV1L2m@6c48a","5a+F1ew2BP5aMwWW4WLTPN@6c48a","5dAxZaj8ZI8rqoIC6WI3hE@6c48a","5ewKL2DxBJgoTVu/xggmZB@6c48a","65XDBeLVFILqv12YvbOnJv@6c48a","79cvW2wjBA5oLfFbk4ENnv@6c48a","7bixjVnnJKBqFaw1EOi5uq@6c48a","7dJPkcgtxJd4XtTUedBvfm@6c48a","7dy4zsSJFOd6W+fdB7t5V7@6c48a","7fW0vDT/JP37CtmVYrmVCh@6c48a","d5EJoKH4ZIOLpN8O2uCbe0@6c48a","81N1hO3BVN75zpgKAKxYh3@6c48a","85Gfcdew1Pr6rKdTEkV2Du@6c48a","86YUSS1ztNPK5e92yrWrYS@6c48a","88YCjZyOhFOah6TOGePiR8@6c48a","88bJXtWM9PAbbb2Xq3Q4R7@6c48a","882MDHLbFNfaAsaK+Pw4Ny@6c48a","91SIVdSjpNLL+CdnLHCyXS@6c48a","98Z9j83T5NBppbOLZUjs9k@6c48a","9cliuL1FdK3KxWKkACSZLX@6c48a","a0TBwcxedHPKQDOpLSPMEO@6c48a","a5I71AjYRNfKwOM8+67ElQ@6c48a","a5hypqSExB+YT+Rjvmwk4m@6c48a","a68YXGepZJfbzWIxex/nZf@6c48a","a68rOtn6VFiKKUqbnjHUq/@6c48a","a7yfy/b4tHyb3/mPpX3u7U@6c48a","a8Qk0aLyJN9KgVWCDfe44M@6c48a","48C5SUTntBg6HsQMH+JFks@6c48a","acozXXX5JEbIYEcj5ffo0t@6c48a","b0wiRMhn9P1JdkEeW8DAB6@6c48a","b22DDTE/9DcLvHkba7xxfV@6c48a","b6qFD3tuVJObHHMP2yGSyM@6c48a","a80rw0dfVFN4Ok8jPInqge@6c48a","bfMbgrsGhAd7SrhsmDhvSx@6c48a","c0VOr4i/tFebiRe3JLEmYI@6c48a","c7L4w9nRBHfKm4NtiKzBa7@6c48a","c7WM8mJQVFXIXBmS1wdjBv@6c48a","c9V1DVhQNJMrpmlDJNkmiH@6c48a","cfc0ltlfhAeJnCFO8g+b6R@6c48a","d7EzaTiuFGv7fhlcUccyBB@6c48a","d7VLs1LsBKQqVU5AZ9xvmU@6c48a","356Slqff9Lla+o5TdiZ3B9@6c48a","e01qgELOhO2rRDAe6Y2T2J@6c48a","e09RxUJ6xAQIt4tAelmJYs@6c48a","e1y1r/GUdHV7xFPz56JQ8R@6c48a","e4h/vpgrBC3Ki6phwrsKI/@6c48a","e5DLCFgj5GMoacNEZz08J4@6c48a","f1tmlMj8BHm7JboUk4TPsU@6c48a","525YFC1lBEEajVp0BTOPqf@6c48a","f3mkcWcHJKkoCLRi5GxvcV@6c48a","f5hyWqhxVPWZgXa01c16vu@6c48a","f97kjzR8tBi7Nykj3LXwg6@6c48a","feHBofl/pBx70PkkAxiRMD@6c48a"],["node","_parent","_spriteFrame","_textureSource","_defaultClip","_normalSprite","_target","mainTexture","_effectAsset","_mesh","spriteFrame","_skeleton","target","_hoverSprite","_pressedSprite","_disabledSprite","wordSprite","nameSprite","defendClip","attackClip","showSprite","bar","getNewPanel","hand","tipsLabel_Down","cup","show","bookBtn","recycleIcon","chestNode","moreGameBtn","startGameBtn","awardCupClip","book","pool","item","content","scrollView","showLabel","levelClip","upagreBtn","camera","_cameraComponent","enemeyNameLabel","scene","videoUnlcok","upgradeUnlock","_envmapHDR","_envmapLDR"],["cc.SpriteFrame",["cc.Node",["_name","_layer","_active","_id","_components","_parent","_lpos","_children","_lscale","_lrot","_euler"],-1,9,1,5,2,5,5,5],["cc.Widget",["_alignFlags","_verticalCenter","_top","_left","_bottom","_originalHeight","_right","_originalWidth","_isAbsVerticalCenter","_horizontalCenter","_alignMode","node"],-8,1],["cc.Sprite",["_sizeMode","_type","_fillType","_fillStart","_useGrayscale","_fillRange","node","_spriteFrame","_color","_fillCenter"],-3,1,6,5,5],["cc.Node",["_name","_layer","_active","_components","_children","_parent","_lpos","_lscale"],0,12,2,1,5,5],"cc.ImageAsset",["cc.Label",["_string","_actualFontSize","_fontSize","_isBold","_overflow","_enableWrapText","_lineHeight","node"],-4,1],["cc.Node",["_name","_parent","_lpos","_children","_lrot","_euler","_components","_lscale"],2,1,5,9,5,5,2,5],["cc.Layout",["_layoutType","_spacingX","_paddingLeft","_resizeMode","_paddingRight","_paddingTop","_spacingY","_verticalDirection","_isAlign","node"],-6,1],["15c1cOMq9hNFYnUkQHabVYz",["_value","_isCenter","_spaceX","node","spriteFrame"],0,1,6],["cc.UITransform",["node","_contentSize","_anchorPoint"],3,1,5,5],["cc.Button",["_transition","node","clickEvents","_normalSprite","_normalColor","_target","_hoverSprite","_pressedSprite","_disabledSprite"],2,1,9,6,5,1,6,6,6],["cc.ClickEvent",["_componentId","handler","customEventData","target"],0,1],["cc.SkeletalAnimation",["playOnLoad","node","_clips","_defaultClip","_sockets"],2,1,3,6,9],["cc.Camera",["_visibility","_projection","_priority","_orthoHeight","_far","_clearFlags","_name","_fov","_fovAxis","node","_color"],-6,1,5],["poolData",["chickenType"],2],"cc.TextureCube",["cc.Material",["_states","_defines","_props"],1,12],["cc.Skeleton",["_name","_hash","_joints","_bindposes"],0,12],["cc.Mesh",["_native","_hash","_struct"],1,11],["cc.SceneAsset",["_name"],2],["36dd3dUb6hE7IQKahYTEUuR",["node","pool","book","awardCupClip","startGameBtn","moreGameBtn","chestNode","recycleIcon","bookBtn","show","cup","tipsLabel_Down","hand","getNewPanel"],3,1,1,1,1,1,1,1,1,1,1,1,1,1,1],["a8bc8XRFjNI04id3etY5jJa",["node","scrollView","content","item","showSprite","attackClip","defendClip","nameSprite","wordSprite","icons","names","words"],3,1,1,1,1,1,1,1,1,1,3,3,3],["b8cc4o/70JAC7E2rcm7FOQ8",["node","upagreBtn","levelClip","showLabel","videoUnlcok","upgradeUnlock"],3,1,1,1,1,6,6],["860e4GyAQpJ/pFumbHbSlQB",["node","camera"],3,1,1],["cc.Canvas",["node","_cameraComponent"],3,1,1],["ea30f/A+0RNfa65OdaeORxY",["node","player","enemy","enemeyNameLabel"],3,1,1,1,1],["cc.BlockInputEvents",["node"],3,1],["cc.SkeletalAnimation.Socket",["path","target"],2,1],["69119QstPhOxbARLgmGmk+H",["node","bar"],3,1,1],["d59030Cq+lEjK/1xsiW78N2",["node"],3,1],["cc.Animation",["playOnLoad","node","_clips","_defaultClip"],2,1,3,6],["cc.Mask",["node"],3,1],["cc.Scene",["_name","autoReleaseAssets","_children","_globals"],1,2,4],["cc.SceneGlobals",["ambient","shadows","_skybox","fog","octree"],3,4,4,4,4,4],["cc.AmbientInfo",["_skyIllumLDR","_skyColorHDR","_groundAlbedoHDR","_skyColorLDR","_groundAlbedoLDR"],2,5,5,5,5],["cc.ShadowsInfo",["_shadowColor","_size"],3,5,5],["cc.SkyboxInfo",["_enabled","_useHDR","_envmapHDR","_envmapLDR"],1,6,6],["cc.FogInfo",[],3],["cc.OctreeInfo",[],3],["cc.SkinnedMeshRenderer",["node","_materials","lightmapSettings","_skinningRoot","_mesh","_skeleton"],3,1,3,4,1,6,6],["cc.ModelLightmapSettings",[],3],["cc.MeshRenderer",["node","_materials","lightmapSettings","_mesh"],3,1,3,4,6],["cc.DirectionalLight",["node","_staticSettings"],3,1,4],["cc.StaticLightSettings",[],3],["c1784EDyn9GwJODMeR0kLVl",["node","chickenPool","recycleIcon","moveShow","chest","chickenIcon"],3,1,9,1,1,1,3],["cc.ScrollView",["bounceDuration","vertical","node","_content"],1,1,1],["293eemEXMFOOaCZrayj8CgW",["node","icons","names","words"],3,1,3,3,3],["cc.EffectAsset",["_name","shaders","techniques"],0]],[[1,0,5,6,2],[7,0,1,3,2,4,5,2],[1,0,5,7,6,9,10,2],[10,0,1,1],[3,6,7,1],[1,0,1,5,4,6,3],[7,0,1,3,2,4,7,5,2],[1,0,5,6,9,10,2],[10,0,1,2,1],[31,0,1,2,3,2],[3,6,8,7,1],[1,0,1,5,7,4,6,3],[3,6,1],[1,0,2,1,5,4,6,4],[1,0,1,5,4,3],[4,0,1,5,3,6,3],[3,0,6,7,2],[1,0,1,5,7,4,3],[1,0,1,5,7,4,6,8,3],[1,0,2,1,5,4,6,8,4],[3,1,6,7,2],[2,0,7,5,11,4],[12,0,1,3,3],[17,0,1,2,3],[19,0,1,2,3],[6,0,1,2,3,7,5],[41,1],[2,0,1,11,3],[15,0,2],[11,0,1,2,4,5,3,2],[18,0,1,2,3,4],[1,0,7,6,9,10,2],[1,0,1,7,4,6,3],[1,0,5,7,4,2],[1,0,7,9,10,2],[1,0,5,7,2],[7,0,1,3,2,2],[40,0,1,2,3,4,5,1],[15,1],[1,0,1,5,4,6,8,3],[1,0,5,4,2],[1,0,1,7,4,3],[1,0,1,7,4,6,8,3],[4,0,1,5,3,3],[10,0,1],[3,0,6,2],[3,0,4,6,8,7,3],[11,0,1,2,4,5,3,6,7,8,2],[8,9,1],[13,0,1,2,4,3,2],[28,0,1,2],[42,0,1,2,3,1],[1,0,2,1,5,7,4,4],[1,0,5,4,6,2],[4,0,1,5,4,3,6,3],[7,0,1,6,2,2],[2,0,6,1,11,4],[2,0,3,2,11,4],[2,0,4,11,3],[2,0,9,11,3],[13,0,1,2,3,2],[9,0,2,1,3,4,4],[9,0,1,3,4,3],[29,0,1,1],[6,0,1,3,7,4],[20,0,2],[1,0,2,1,7,4,4],[1,0,3,7,4,6,3],[1,0,1,3,7,4,6,4],[1,0,2,1,5,7,4,6,4],[1,0,5,4,9,8,10,2],[1,0,5,4,8,2],[1,0,5,4,6,9,8,10,2],[4,0,2,1,4,3,4],[4,0,1,4,3,6,7,3],[4,0,1,4,3,3],[4,0,1,5,4,3,3],[2,0,2,1,11,4],[2,0,3,6,2,4,11,6],[2,0,1,8,11,4],[2,0,3,1,11,4],[2,0,2,4,1,5,11,6],[2,0,4,1,11,4],[2,0,3,10,11,4],[2,0,2,11,3],[21,0,1,2,3,4,5,6,7,8,9,10,11,12,13,1],[22,0,1,2,3,4,5,6,7,8,9,10,11,1],[23,0,1,2,3,4,5,1],[3,1,0,6,7,3],[3,1,0,6,8,7,3],[3,1,2,3,6,9,4],[3,1,2,3,5,6,9,5],[24,0,1,1],[11,0,1,2,3,2],[12,0,1,2,3,4],[25,0,1,1],[8,0,2,4,5,1,6,9,7],[8,3,0,1,9,4],[8,3,0,2,1,7,8,9,7],[26,0,1,2,3,1],[27,0,1],[9,0,1,3,3],[9,0,2,1,3,4],[30,0,1],[32,0,1],[33,0,1,2,3,3],[34,0,1,2,3,4,1],[35,0,1,2,3,4,2],[36,0,1,1],[37,0,1,2,3,3],[38,1],[39,1],[6,0,1,2,4,5,3,7,7],[6,0,1,2,7,4],[6,0,1,6,4,7,5],[14,1,2,3,4,5,0,9,10,7],[14,6,7,8,0,9,10,5],[43,0,1,1],[44,1],[45,0,1,2,3,4,5,1],[46,0,1,2,3,3],[47,0,1,2,3,1],[48,0,1,2,4]],[[[{"name":"ksjm_fx","rect":{"x":0,"y":0,"width":53,"height":66},"offset":{"x":-0.5,"y":0},"originalSize":{"width":54,"height":66},"rotated":false,"capInsets":[0,0,0,0],"packable":true}],[0],0,[0],[3],[60]],[[[23,[{"rasterizerState":{},"depthStencilState":{},"blendState":{"targets":[{}]}},{"rasterizerState":{},"depthStencilState":{},"blendState":{"targets":[{}]}},{"rasterizerState":{},"depthStencilState":{},"blendState":{"targets":[{}]}},{"rasterizerState":{},"depthStencilState":{},"blendState":{"targets":[{}]}}],[{"USE_OUTLINE_PASS":true,"USE_INSTANCING":true},{"USE_INSTANCING":true,"USE_BASE_COLOR_MAP":true,"BASE_COLOR_MAP_AS_SHADE_MAP_1":true,"BASE_COLOR_MAP_AS_SHADE_MAP_2":true},{},{}],[[{"lineWidth":20},[{"baseStep":0.63,"shadeStep":0.4,"shadowCover":0.47},"mainColor",8,[4,4294967295],"shadeColor1",8,[4,4293388263],"shadeColor2",8,[4,4289045925],"specular",8,[4,4278190080],"emissive",8,[4,0],"mainTexture",6,0],{},{}],0,11,0,0]]],0,0,[0,0],[7,8],[61,3]],[[{"name":"Chick07","rect":{"x":0,"y":0,"width":317,"height":89},"offset":{"x":-0.5,"y":0.5},"originalSize":{"width":318,"height":90},"rotated":false,"capInsets":[0,0,0,0],"packable":true}],[0],0,[0],[3],[62]],[[{"name":"Chick03","rect":{"x":0,"y":0,"width":141,"height":47},"offset":{"x":-0.5,"y":0.5},"originalSize":{"width":142,"height":48},"rotated":false,"capInsets":[0,0,0,0],"packable":true}],[0],0,[0],[3],[63]],[[{"name":"tjjm_ms_dk","rect":{"x":0,"y":0,"width":674,"height":167},"offset":{"x":0,"y":0.5},"originalSize":{"width":674,"height":168},"rotated":false,"capInsets":[0,0,0,0],"packable":true}],[0],0,[0],[3],[64]],[[[30,"Skin-0",2796660156,["Bip001/Bip001 Pelvis/Bip001 Spine","Bip001/Bip001 Pelvis","Bip001/Bip001 Pelvis/Bip001 Spine/Bip001 L Clavicle/Bip001 L UpperArm","Bip001/Bip001 Pelvis/Bip001 Spine/Bip001 L Clavicle/Bip001 L UpperArm/Bip001 L Forearm","Bip001/Bip001 Pelvis/Bip001 Spine/Bip001 L Clavicle","Bip001/Bip001 Pelvis/Bip001 L Thigh","Bip001/Bip001 Pelvis/Bip001 L Thigh/Bip001 L Calf","Bip001/Bip001 Pelvis/Bip001 L Thigh/Bip001 L Calf/Bip001 L Foot","Bip001/Bip001 Pelvis/Bip001 Spine/Bone008","Bip001/Bip001 Pelvis/Bip001 Spine/Bone008/Bone009","Bip001/Bip001 Pelvis/Bip001 Spine/Bip001 R Clavicle/Bip001 R UpperArm","Bip001/Bip001 Pelvis/Bip001 Spine/Bip001 R Clavicle/Bip001 R UpperArm/Bip001 R Forearm","Bip001/Bip001 Pelvis/Bip001 Spine/Bip001 R Clavicle","Bip001/Bip001 Pelvis/Bip001 R Thigh","Bip001/Bip001 Pelvis/Bip001 R Thigh/Bip001 R Calf","Bip001/Bip001 Pelvis/Bip001 R Thigh/Bip001 R Calf/Bip001 R Foot","Bip001/Bip001 Pelvis/Bip001 Spine/Bone055","Bip001/Bip001 Pelvis/Bip001 Spine/Bone057","Bip001/Bip001 Pelvis/Bip001 Spine/Bip001 L Clavicle/Bip001 L UpperArm/Bip001 L Forearm/Bip001 L Hand","Bip001/Bip001 Pelvis/Bip001 Spine/Bone017","Bip001/Bip001 Pelvis/Bip001 Spine/Bone017/Bone018","Bip001/Bip001 Pelvis/Bip001 Spine/Bip001 Neck/Bip001 Head","Bip001/Bip001 Pelvis/Bip001 Spine/Bip001 R Clavicle/Bip001 R UpperArm/Bip001 R Forearm/Bip001 R Hand","Bip001/Bip001 Pelvis/Bip001 Spine/Bone046","Bip001/Bip001 Pelvis/Bip001 Spine/Bone048"],[[[7,1.0916177961561857e-9,-0.0000014026936696609482,1,0,0.9999996423721313,-0.0007961550145410001,-2.2083790351956623e-9,0,0.0007961550145410001,0.9999997019767761,0.0000014026923054188956,0,-0.8954627513885498,0.0010009447578340769,4.638861739181266e-9,1],[7,0.0000013868000223737909,0.0000027577070795814507,1,0,1,1.6291687643388286e-7,-0.0000013868005908079795,0,-1.6292068494294654e-7,1,-0.0000027577068522077752,0,-0.5538838505744934,2.799727338853586e-9,7.69988844240288e-7,1],[7,0.8362900018692017,0.08740312606096268,0.5412760972976685,0,-0.539489209651947,-0.044970422983169556,0.8407907485961914,0,0.09782916307449341,-0.9951574206352234,0.009544728323817253,0,0.155292809009552,0.003005382837727666,-1.2781851291656494,1],[7,0.8347641825675964,0.10094060748815536,0.5412760972976685,0,-0.5386897921562195,-0.05370492860674858,0.8407908082008362,0,0.11393912136554718,-0.9934419393539429,0.00954472552984953,0,-0.07313785701990128,0.0018206991953775287,-1.2781851291656494,1],[7,0.9685469269752502,-0.0000013817837043461623,0.24883116781711578,0,-0.24883118271827698,-1.615458415926696e-7,0.9685468673706055,0,-0.0000012981246300114435,-1,-5.002955276722787e-7,0,-0.18721283972263336,-4.4181149405631004e-7,-1.2619315385818481,1],[7,-7.475210850316216e-8,0.0000013716075955017004,-1,0,-0.9999623894691467,0.00867993850260973,8.665476514124748e-8,0,0.008679939433932304,0.999962329864502,0.0000013709071708944975,0,0.5538630485534668,-0.004807609599083662,0.2409680187702179,1],[7,-9.856508143002429e-8,0.0000013701026091439417,-1,0,-0.9999622106552124,-0.008690301328897476,8.665476514124748e-8,0,-0.008690300397574902,0.9999622702598572,0.0000013709075119550107,0,0.23060084879398346,-0.0008022890542633832,0.2409680038690567,1],[7,4.371138828673793e-8,0.000001370906943520822,-1,0,-1,1.629207559972201e-7,-4.371116801848984e-8,0,1.6292068494294654e-7,1,0.000001370906943520822,0,0.11363556236028671,-0.0017899028025567532,0.2409680336713791,1],[7,1.1752034900780473e-8,-8.916826743643469e-8,-1,0,-0.1696649193763733,-0.9855018258094788,8.588157385247541e-8,0,-0.985501766204834,0.1696649193763733,-2.6710377909466843e-8,0,-0.5040633678436279,0.8067043423652649,-2.6612507753043246e-8,1],[7,4.698937061675679e-8,-8.850243915503597e-8,-1,0,-0.12223055958747864,-0.9925017356872559,8.209529056557585e-8,0,-0.9925016760826111,0.12223056703805923,-5.7454737856232896e-8,0,-0.7630423903465271,0.7710146903991699,-4.3321531251194756e-8,1],[7,-0.8362897634506226,-0.08740585297346115,0.5412760376930237,0,-0.539489209651947,-0.044970422983169556,-0.8407907485961914,0,0.09783145040273666,-0.9951571822166443,-0.009546209126710892,0,0.15529277920722961,0.0030053844675421715,1.2781850099563599,1],[7,-0.8347638845443726,-0.10094334185123444,0.5412760972976685,0,-0.5386898517608643,-0.05370492488145828,-0.8407907485961914,0,0.11394142359495163,-0.993441641330719,-0.009546221233904362,0,-0.0731377899646759,0.0018206938402727246,1.2781851291656494,1],[7,-0.9685469269752502,-0.000001360030182695482,0.24883116781711578,0,-0.24883118271827698,-1.615458415926696e-7,-0.9685468673706055,0,0.0000013574506283475785,-1,-1.8195318318703357e-7,0,-0.18721283972263336,-4.418113803694723e-7,1.2619315385818481,1],[7,-7.475210850316216e-8,0.0000013716075955017004,-1,0,-0.9999623894691467,0.00867993850260973,8.665476514124748e-8,0,0.008679939433932304,0.999962329864502,0.0000013709071708944975,0,0.553862988948822,-0.004807609133422375,-0.24096810817718506,1],[7,-9.856508143002429e-8,0.0000013701026091439417,-1,0,-0.9999622106552124,-0.008690301328897476,8.665476514124748e-8,0,-0.008690300397574902,0.9999622702598572,0.0000013709075119550107,0,0.23060080409049988,-0.0008022895199246705,-0.24096812307834625,1],[7,4.371138828673793e-8,0.000001370906943520822,-1,0,-1,1.629207559972201e-7,-4.371116801848984e-8,0,1.6292068494294654e-7,1,0.000001370906943520822,0,0.1136355847120285,-0.0017899028025567532,-0.24096809327602386,1],[7,0.32790839672088623,-0.06360384821891785,0.94256591796875,0,0.571391761302948,0.8078979849815369,-0.14426440000534058,0,0.7523214221000671,-0.585879921913147,-0.30125924944877625,0,-1.193467140197754,-0.9403395652770996,0.13649781048297882,1],[7,-0.31276053190231323,0.023043308407068253,-0.9495524764060974,0,0.49993661046028137,0.8540163636207581,-0.14394260942935944,0,0.8076164722442627,-0.51973557472229,-0.2786228060722351,0,-1.1045746803283691,-1.0428223609924316,0.1259332150220871,1],[7,0.8347641825675964,-0.5411955714225769,0.10137157887220383,0,-0.5386897921562195,-0.8408332467079163,-0.05303541570901871,0,0.11393912136554718,-0.010335772298276424,-0.9934340715408325,0,-0.3015294671058655,1.2781860828399658,0.0008029166492633522,1],[7,9.136626033523498e-8,2.940556687036633e-9,-1,0,0.9149177670478821,-0.4036404490470886,8.240567694883794e-8,0,-0.4036404490470886,-0.9149177670478821,-3.9569481913304116e-8,0,-1.6701561212539673,0.744115948677063,-2.795633236019057e-7,1],[7,1.886903078229807e-9,6.792306095348977e-8,-1,0,0.7883754372596741,-0.6151944994926453,-4.0298303360941645e-8,0,-0.6151944994926453,-0.7883754372596741,-5.470968034160251e-8,0,-1.638730764389038,1.1808820962905884,-4.5721709085455586e-8,1],[7,0.0000013430886838250444,-0.000001402693328600435,1,0,1,1.6292257498662366e-7,-0.0000013430885701382067,0,-1.6292068494294654e-7,1,0.0000014026935559741105,0,-1.2931724786758423,-5.373119904561463e-8,0.000001738707965159847,1],[7,-0.8347638845443726,0.5411955714225769,0.1013743132352829,0,-0.5386898517608643,-0.8408332467079163,0.05303540825843811,0,0.11394142359495163,-0.01033727079629898,0.9934337139129639,0,-0.3015294671058655,1.2781862020492554,-0.0008028923766687512,1],[7,-0.1836378574371338,0.0028329973574727774,-0.9829898476600647,0,0.08587609976530075,0.9962188005447388,-0.013171873055398464,0,0.9792356491088867,-0.08683419972658157,-0.18318675458431244,0,-0.5332214832305908,-1.4157981872558594,-0.11129197478294373,1],[7,0.1909463256597519,-0.00277319410815835,0.9815964698791504,0,0.08545911312103271,0.9962459802627563,-0.01380945835262537,0,0.9778733849525452,-0.08652323484420776,-0.1904664784669876,0,-0.5333605408668518,-1.4159709215164185,-0.1061711460351944,1]],8,8,8,8,8,8,8,8,8,8,8,8,8,8,8,8,8,8,8,8,8,8,8,8,8]]],0,0,[],[],[]],[[[24,".bin",2924934222,[{"primitives":[{"primitiveMode":7,"jointMapIndex":0,"vertexBundelIndices":[0],"indexView":{"offset":110664,"length":26352,"count":6588,"stride":4}}],"vertexBundles":[{"view":{"offset":0,"length":110664,"count":1537,"stride":72},"attributes":[{"name":"a_position","format":32,"isNormalized":false},{"name":"a_normal","format":32,"isNormalized":false},{"name":"a_texCoord","format":21,"isNormalized":false},{"name":"a_tangent","format":44,"isNormalized":false},{"name":"a_joints","format":42,"isNormalized":false},{"name":"a_weights","format":44,"isNormalized":false}]}],"jointMaps":[[0,1,2,3,5,6,7,8,9,10,11,13,14,15,16,17,18,19,20,22,23,24]]},"minPosition",8,[1,-1.0728731155395508,0.0012688270071521401,-1.2066993713378906],"maxPosition",8,[1,1.0728731155395508,2.301602840423584,0.7406718730926514]]],-1],0,0,[],[],[]],[[[65,"Home"],[31,"Bip001 Spine",[-1,-2,-3,-4,-5,-6,-7,-8,-9,-10,-11,-12,-13,-14,-15,-16,-17,-18,-19,-20,-21,-22,-23,-24,-25,-26,-27,-28,-29,-30,-31,-32,-33,-34,-35,-36,-37,-38,-39,-40,-41,-42,-43,-44,-45,-46,-47,-48,-49,-50,-51,-52,-53,-54,-55,-56],[1,0.3415794372558594,-0.0002878685190808028,4.7410151182702975e-7],[3,-0.0000020804759106073234,-6.936759723456755e-7,0.0003981589901667566,0.9999999207323014],[1,-0.00023837338537102524,-0.00007939450691674307,0.045625660794268615]],[31,"Bip001 Spine",[-57,-58,-59,-60,-61,-62,-63,-64,-65,-66,-67,-68,-69,-70,-71,-72,-73,-74,-75,-76,-77,-78,-79,-80,-81,-82,-83,-84,-85,-86,-87,-88,-89,-90,-91,-92,-93,-94,-95,-96,-97,-98,-99,-100,-101,-102,-103,-104,-105,-106,-107,-108,-109,-110,-111,-112],[1,0.3415794372558594,-0.0002878685190808028,4.7410151182702975e-7],[3,-0.0000020804759106073234,-6.936759723456755e-7,0.0003981589901667566,0.9999999207323014],[1,-0.00023837338537102524,-0.00007939450691674307,0.045625660794268615]],[31,"Bip001 Spine",[-113,-114,-115,-116,-117,-118,-119,-120,-121,-122,-123,-124,-125,-126,-127,-128,-129,-130,-131,-132,-133,-134,-135,-136,-137,-138,-139,-140,-141,-142,-143,-144,-145,-146,-147,-148,-149,-150,-151,-152,-153,-154,-155,-156,-157,-158,-159,-160,-161,-162,-163,-164,-165,-166,-167,-168],[1,0.3415794372558594,-0.0002878685190808028,4.7410151182702975e-7],[3,-0.0000020804759106073234,-6.936759723456755e-7,0.0003981589901667566,0.9999999207323014],[1,-0.00023837338537102524,-0.00007939450691674307,0.045625660794268615]],[31,"Bip001 Spine",[-169,-170,-171,-172,-173,-174,-175,-176,-177,-178,-179,-180,-181,-182,-183,-184,-185,-186,-187,-188,-189,-190,-191,-192,-193,-194,-195,-196,-197,-198,-199,-200,-201,-202,-203,-204,-205,-206,-207,-208,-209,-210,-211,-212,-213,-214,-215,-216,-217,-218,-219,-220,-221,-222,-223,-224],[1,0.3415794372558594,-0.0002878685190808028,4.7410151182702975e-7],[3,-0.0000020804759106073234,-6.936759723456755e-7,0.0003981589901667566,0.9999999207323014],[1,-0.00023837338537102524,-0.00007939450691674307,0.045625660794268615]],[31,"Bip001 Spine",[-225,-226,-227,-228,-229,-230,-231,-232,-233,-234,-235,-236,-237,-238,-239,-240,-241,-242,-243,-244,-245,-246,-247,-248,-249,-250,-251,-252,-253,-254,-255,-256,-257,-258,-259,-260,-261,-262,-263,-264,-265,-266,-267,-268,-269,-270,-271,-272,-273,-274,-275,-276,-277,-278,-279,-280],[1,0.3415794372558594,-0.0002878685190808028,4.7410151182702975e-7],[3,-0.0000020804759106073234,-6.936759723456755e-7,0.0003981589901667566,0.9999999207323014],[1,-0.00023837338537102524,-0.00007939450691674307,0.045625660794268615]],[41,"StartMenu",33554432,[-297,-298,-299,-300,-301,-302,-303,-304,-305,-306],[[3,-281,[5,750,1334]],[21,45,100,100,-282],[85,-296,-295,-294,-293,-292,-291,-290,-289,-288,-287,-286,-285,-284,-283]]],[32,"Player",33554432,[-308,-309,-310,-311,-312,-313,-314,-315,-316,-317,-318,-319],[[44,-307]],[1,0,-610,0]],[32,"Enemy",33554432,[-321,-322,-323,-324,-325,-326,-327,-328,-329,-330,-331,-332],[[44,-320]],[1,0,10,0]],[66,"Book",false,33554432,[-344,-345,-346,-347,-348,-349],[[3,-333,[5,750,1334]],[21,45,750,1334,-334],[86,-343,-342,-341,-340,-339,-338,-337,-336,-335,[118,119,120,121,122,123,124,125,126,127],[128,129,130,131,132,133,134,135,136,137],[138,139,140,141,142,143,144,145,146,147]]]],[67,"ShowStage","57yYgEKntCM4uovKdJvYxL",[-354,-355,-356,-357,-358,-359,-360],[[87,-353,-352,-351,-350,51,52]],[1,0,0,-7.677]],[11,"Show",33554432,6,[-366,-367,-368,-369,-370],[[3,-361,[5,375,667]],[45,0,-362],[92,-364,-363],[77,18,-133.711,470.368,-365]],[1,0,470.368,0]],[11,"Chest",33554432,6,[-377,-378,-379],[[3,-371,[5,124,125]],[20,1,-372,85],[29,3,-375,[[22,"c1784EDyn9GwJODMeR0kLVl","addChicken",-374]],[4,4292269782],-373,86],[56,34,15.060000000000002,119,-376]],[1,297.94,119,0]],[73,"GetNew",false,33554432,[-383,-384,-385,-386,-387,-388],[[[3,-380,[5,750,1334]],[21,45,750,1334,-381],-382],4,4,1]],[68,"Canvas",33554432,"0esodtpshN7YJHRwX3x4au",[-393,6,9,13,-394],[[3,-389,[5,750,1334]],[95,-391,-390],[78,45,5.684341886080802e-14,5.684341886080802e-14,-1.1368683772161603e-13,-1.1368683772161603e-13,-392]],[1,375.00000000000006,666.9999999999999,0]],[32,"Item",33554432,[-398,-399,-400,-401],[[3,-395,[5,120,120]],[4,-396,108],[93,3,-397,[[94,"a8bc8XRFjNI04id3etY5jJa","clickItem","0",9]],109]],[1,12.5,0,0]],[11,"upagreBtn",33554432,11,[-406,-407],[[3,-402,[5,220,70]],[20,1,-403,46],[47,3,-405,[[22,"b8cc4o/70JAC7E2rcm7FOQ8","clickUpgrade",10]],[4,4292269782],-404,47,48,49,50]],[1,0,-114.469,0]],[54,"Pool",33554432,6,[-413],[[[3,-408,[5,500,600]],[16,0,-409,69],[27,2,14.884,-410],[96,3,40,40,25,25,25,-411],-412],4,4,4,4,1],[1,0,14.884,0]],[32,"Battle",33554432,[7,-417,8,-418],[[3,-414,[5,312,173]],[4,-415,265],[79,18,0.06674287856071964,false,-416]],[1,0,89.035,0]],[11,"grade",33554432,6,[-422,-423],[[3,-419,[5,142,42]],[57,9,43.77699999999999,86.38699999999994,-420],[4,-421,9]],[1,-260.223,559.613,0]],[54,"clip",33554432,19,[-426,-427,-428,-429],[[[3,-424,[5,0,0]],-425],4,1],[1,2.706,0,0]],[41,"Chiken",33554432,[-431,-432,-433,-434,-435],[[3,-430,[5,120,120]]]],[11,"Rubbish",33554432,6,[-439],[[3,-436,[5,124,125]],[20,1,-437,71],[56,34,15.060000000000002,-36.266,-438]],[1,297.94,-36.266,0]],[69,"MoveShow",false,33554432,6,[-442,-443,-444],[[3,-440,[5,120,120]],[4,-441,80]],[1,-150,215,0]],[17,"Chiken",33554432,23,[-446,-447,-448,-449,-450],[[3,-445,[5,120,120]]]],[5,"Book",33554432,6,[[3,-451,[5,124,125]],[20,1,-452,97],[47,3,-454,[[22,"36dd3dUb6hE7IQKahYTEUuR","clickBook",6]],[4,4292269782],-453,98,99,100,101],[80,10,20,-40,-455]],[1,-293,-40,0]],[52,"Loading",false,33554432,14,[-461,18],[[3,-456,[5,750,1334]],[21,45,100,100,-457],[99,-459,7,8,-458],[100,-460]]],[11,"Layout",33554432,6,[-465,-466],[[3,-462,[5,634,100]],[97,1,1,50,-463],[58,20,275,-464]],[1,0,-342,0]],[5,"startBtn",33554432,27,[[3,-467,[5,292,100]],[20,1,-468,4],[29,3,-470,[[22,"36dd3dUb6hE7IQKahYTEUuR","clickStartGame",6]],[4,4292269782],-469,5]],[1,-171,0,0]],[5,"moreBtn",33554432,27,[[3,-471,[5,292,100]],[20,1,-472,6],[29,3,-474,[[22,"36dd3dUb6hE7IQKahYTEUuR","clickMoreGame",6]],[4,4292269782],-473,7]],[1,171,0,0]],[5,"right",33554432,11,[[3,-475,[5,53,66]],[20,1,-476,10],[29,3,-478,[[22,"b8cc4o/70JAC7E2rcm7FOQ8","clickRightSwitch",10]],[4,4292269782],-477,56],[59,16,175,-479]],[1,175,0,0]],[33,"Leader03",10,[-482,-483,-484],[[49,true,-481,[28],[[50,"Bip001/Bip001 Pelvis/Bip001 Spine/Bip001 R Clavicle/Bip001 R UpperArm/Bip001 R Forearm/Bip001 R Hand",-480]],29]]],[33,"Leader04",10,[-487,-488,-489],[[49,true,-486,[35],[[50,"Bip001/Bip001 Pelvis/Bip001 Spine/Bip001 R Clavicle/Bip001 R UpperArm/Bip001 R Forearm/Bip001 R Hand",-485]],36]]],[33,"Leader05",10,[-492,-493,-494],[[49,true,-491,[42],[[50,"Bip001/Bip001 Pelvis/Bip001 Spine/Bip001 R Clavicle/Bip001 R UpperArm/Bip001 R Forearm/Bip001 R Hand",-490]],43]]],[74,"value",33554432,[-498,-499],[[[3,-495,[5,300,200]],-496,[48,-497]],4,1,4],[1,-0.177,1.399,0],[1,0.75,0.75,1]],[39,"left",33554432,11,[[3,-500,[5,53,66]],[20,1,-501,57],[29,3,-503,[[22,"b8cc4o/70JAC7E2rcm7FOQ8","clickLeftSwitch",10]],[4,4292269782],-502,58],[59,16,-175,-504]],[1,-175,0,0],[1,-1,1,1]],[11,"0",33554432,17,[-507,21,-508],[[3,-505,[5,120,120]],[4,-506,68]],[1,-150,215,0]],[42,"value",33554432,[-512,-513],[[3,-509,[5,300,200]],[61,"99",-2,true,-510,62],[48,-511]],[1,-0.177,1.399,0],[1,0.75,0.75,1]],[42,"value",33554432,[-517,-518],[[3,-514,[5,300,200]],[61,"99",-2,true,-515,75],[48,-516]],[1,-0.177,1.399,0],[1,0.75,0.75,1]],[32,"content",33554432,[15],[[3,-519,[5,145,120]],[98,1,1,25,25,0,true,-520]],[1,0,5.493,0]],[18,"show",33554432,9,[-524,-525],[[3,-521,[5,120,120]],[4,-522,115],[27,18,309.106,-523]],[1,0,309.106,0],[1,1.75,1.75,1]],[5,"closeBtn",33554432,9,[[3,-526,[5,88,88]],[20,1,-527,116],[29,3,-529,[[22,"a8bc8XRFjNI04id3etY5jJa","closePanel",9]],[4,4292269782],-528,117],[57,9,75,75,-530]],[1,-256,548,0]],[18,"show",33554432,13,[-534,-535],[[3,-531,[5,120,120]],[4,-532,153],[27,18,193.573,-533]],[1,0,193.573,0],[1,1.75,1.75,1]],[5,"getButton",33554432,13,[[3,-536,[5,292,100]],[20,1,-537,154],[47,3,-539,[[22,"293eemEXMFOOaCZrayj8CgW","clickGetBtn",13]],[4,4292269782],-538,155,156,157,158],[58,20,361.494,-540]],[1,0,-255.50599999999997,0]],[17,"bg",33554432,6,[-544],[[3,-541,[5,750,1334]],[88,1,0,-542,3],[21,45,750,1640,-543]]],[33,"Leader01",10,[-546,-547],[[60,true,-545,[15],16]]],[33,"Leader02",10,[-549,-550],[[60,true,-548,[20],21]]],[17,"Bar",33554432,22,[-555],[[3,-551,[5,120,120]],[4,-552,70],[63,-554,-553]]],[17,"Bar",33554432,12,[-560],[[3,-556,[5,120,120]],[4,-557,81],[63,-559,-558]]],[42,"countValue",33554432,[-563,-564],[[3,-561,[5,0,0]],[62,"99",true,-562,82]],[1,0.16200000000003456,1.502999999999929,0],[1,0.7,0.7,1]],[17,"TeachTips",33554432,6,[-567,-568],[[3,-565,[5,750,1334]],[21,45,100,100,-566]]],[15,"Label",33554432,50,[[[3,-569,[5,750,75.6]],-570,[81,18,273.80000000000007,984.5999999999999,354.437,75.6,-571],[103,-572]],4,1,4,4],[1,0,354.437,0]],[11,"choosePanel",33554432,9,[-576],[[3,-573,[5,750,205]],[4,-574,110],[82,18,375,-164.895,-575]],[1,0,-164.895,0]],[11,"wordPanel",33554432,9,[-580],[[3,-577,[5,674,167]],[4,-578,111],[27,18,36.758,-579]],[1,0,36.758,0]],[17,"Chiken",33554432,40,[-582,-583,-584],[[3,-581,[5,120,120]]]],[11,"wordPanel",33554432,13,[-588],[[3,-585,[5,674,167]],[4,-586,149],[27,18,-78.775,-587]],[1,0,-78.775,0]],[17,"Chiken",33554432,42,[-590,-591,-592],[[3,-589,[5,120,120]]]],[5,"jzjm_zs",33554432,44,[[8,-593,[5,748,4408],[0,0.5,1]],[89,2,0,-594,[4,352321535],0],[9,true,-595,[1],2]],[1,0,1000,0]],[34,"Bip001 Pelvis",[1,-596,-597],[3,-0.49999999254917427,-0.49999999254917427,-0.49999930709576956,0.5000007078049009],[1,-89.99991974527727,-89.99991974527727,-0.0000017074910602964197]],[34,"Bip001 Pelvis",[2,-598,-599],[3,-0.49999999254917427,-0.49999999254917427,-0.49999930709576956,0.5000007078049009],[1,-89.99991974527727,-89.99991974527727,-0.0000017074910602964197]],[34,"Bip001 Pelvis",[3,-600,-601],[3,-0.49999999254917427,-0.49999999254917427,-0.49999930709576956,0.5000007078049009],[1,-89.99991974527727,-89.99991974527727,-0.0000017074910602964197]],[34,"Bip001 Pelvis",[4,-602,-603],[3,-0.49999999254917427,-0.49999999254917427,-0.49999930709576956,0.5000007078049009],[1,-89.99991974527727,-89.99991974527727,-0.0000017074910602964197]],[34,"Bip001 Pelvis",[5,-604,-605],[3,-0.49999999254917427,-0.49999999254917427,-0.49999930709576956,0.5000007078049009],[1,-89.99991974527727,-89.99991974527727,-0.0000017074910602964197]],[11,"clip",33554432,16,[-608],[[3,-606,[5,0,0]],[62,"3",true,-607,44]],[1,0,17.458,0]],[11,"level",33554432,11,[34],[[3,-609,[5,52,52]],[4,-610,53]],[1,-116.23,85.001,0]],[75,"label",33554432,[-613],[[[3,-611,[5,120,50.4]],-612],4,1]],[11,"info",33554432,11,[65],[[3,-614,[5,599,38]],[4,-615,54]],[1,0,-53.025,0]],[5,"icon",33554432,65,[[3,-616,[5,32,34]],[4,-617,55],[83,8,-50,1,-618]],[1,-94,0,0]],[11,"level",33554432,21,[37],[[3,-619,[5,52,52]],[4,-620,63]],[1,-47.091999999999985,49.52499999999998,0]],[18,"attackIcon",33554432,21,[-623],[[3,-621,[5,52,58]],[4,-622,64]],[1,-40.974999999999994,-39.26700000000005,0],[1,0.4,0.4,1]],[18,"defendIcon",33554432,21,[-626],[[3,-624,[5,52,58]],[4,-625,65]],[1,11.911000000000001,-39.26700000000005,0],[1,0.4,0.4,1]],[17,"Lock",33554432,36,[-628,-629],[[3,-627,[5,120,120]]]],[11,"level",33554432,24,[38],[[3,-630,[5,52,52]],[4,-631,76]],[1,-47.091999999999985,49.52499999999998,0]],[18,"attackIcon",33554432,24,[-634],[[3,-632,[5,52,58]],[4,-633,77]],[1,-40.974999999999994,-39.26700000000005,0],[1,0.4,0.4,1]],[18,"defendIcon",33554432,24,[-637],[[3,-635,[5,52,58]],[4,-636,78]],[1,11.911000000000001,-39.26700000000005,0],[1,0.4,0.4,1]],[11,"count",33554432,12,[49],[[3,-638,[5,48,48]],[4,-639,83]],[1,51,60.489,0]],[5,"hand",33554432,50,[[3,-640,[5,130,145]],[4,-641,102]],[1,-99.755,175.43200000000002,0]],[14,"bg_Gray",33554432,9,[[3,-642,[5,750,1334]],[46,0,true,-643,[4,3355443200],103],[21,45,100,100,-644]]],[76,"ScrollView",33554432,52,[-647],[[[3,-645,[5,750,200]],-646],4,1]],[11,"view",33554432,78,[39],[[3,-648,[5,750,200]],[104,-649]],[1,0,3.1134999999999984,0]],[41,"tjjm_js",33554432,[-652],[[3,-650,[5,56,64]],[4,-651,107]]],[18,"attackIcon",33554432,54,[-655],[[3,-653,[5,52,58]],[4,-654,113]],[1,-40.975,-82.851,0],[1,0.4,0.4,1]],[18,"defendIcon",33554432,54,[-658],[[3,-656,[5,52,58]],[4,-657,114]],[1,11.911,-81.962,0],[1,0.4,0.4,1]],[15,"name",33554432,9,[[[3,-659,[5,141,47]],-660,[27,18,479.886,-661]],4,1,4],[1,0,479.886,0]],[14,"bg_Gray",33554432,13,[[3,-662,[5,750,1334]],[46,0,true,-663,[4,3355443200],148],[21,45,100,100,-664]]],[18,"attackIcon",33554432,56,[-667],[[3,-665,[5,52,58]],[4,-666,151]],[1,-40.975,-82.851,0],[1,0.4,0.4,1]],[18,"defendIcon",33554432,56,[-670],[[3,-668,[5,52,58]],[4,-669,152]],[1,11.911,-81.962,0],[1,0.4,0.4,1]],[15,"name",33554432,13,[[[3,-671,[5,141,47]],-672,[27,18,364.353,-673]],4,1,4],[1,0,364.353,0]],[5,"ksjm_gx",33554432,13,[[3,-674,[5,276,108]],[4,-675,159],[84,17,140.183,-676]],[1,0,472.817,0]],[14,"bg_Gray",33554432,26,[[3,-677,[5,750,1334]],[46,0,true,-678,[4,3355443200],190],[21,45,100,100,-679]]],[19,"12",false,33554432,7,[[8,-680,[5,108,140],[0,0.5,0.8]],[10,-681,[4,16777215],191],[9,true,-682,[192],193]],[1,70,380,0],[1,-1,1,1]],[13,"11",false,33554432,7,[[8,-683,[5,108,140],[0,0.5,0.8]],[10,-684,[4,16777215],194],[9,true,-685,[195],196]],[1,-70,380,0]],[13,"10",false,33554432,7,[[8,-686,[5,108,140],[0,0.5,0.8]],[10,-687,[4,16777215],197],[9,true,-688,[198],199]],[1,0,380,0]],[19,"9",false,33554432,7,[[8,-689,[5,108,140],[0,0.5,0.8]],[10,-690,[4,16777215],200],[9,true,-691,[201],202]],[1,100,326,0],[1,-1,1,1]],[13,"8",false,33554432,7,[[8,-692,[5,108,140],[0,0.5,0.8]],[10,-693,[4,16777215],203],[9,true,-694,[204],205]],[1,-100,326,0]],[19,"7",false,33554432,7,[[8,-695,[5,108,140],[0,0.5,0.8]],[10,-696,[4,16777215],206],[9,true,-697,[207],208]],[1,35,326,0],[1,-1,1,1]],[13,"6",false,33554432,7,[[8,-698,[5,108,140],[0,0.5,0.8]],[10,-699,[4,16777215],209],[9,true,-700,[210],211]],[1,-35,326,0]],[19,"5",false,33554432,7,[[8,-701,[5,108,140],[0,0.5,0.8]],[10,-702,[4,16777215],212],[9,true,-703,[213],214]],[1,140,266,0],[1,-1,1,1]],[13,"4",false,33554432,7,[[8,-704,[5,108,140],[0,0.5,0.8]],[10,-705,[4,16777215],215],[9,true,-706,[216],217]],[1,-140,266,0]],[19,"3",false,33554432,7,[[8,-707,[5,108,140],[0,0.5,0.8]],[10,-708,[4,16777215],218],[9,true,-709,[219],220]],[1,70,266,0],[1,-1,1,1]],[13,"2",false,33554432,7,[[8,-710,[5,108,140],[0,0.5,0.8]],[10,-711,[4,16777215],221],[9,true,-712,[222],223]],[1,-70,266,0]],[13,"1",false,33554432,7,[[8,-713,[5,108,140],[0,0.5,0.8]],[10,-714,[4,16777215],224],[9,true,-715,[225],226]],[1,0,266,0]],[11,"ppjm_battle_blue",33554432,18,[-718],[[3,-716,[5,590,118]],[4,-717,227]],[1,0,-398,0]],[19,"12",false,33554432,8,[[8,-719,[5,108,140],[0,0.5,0.8]],[10,-720,[4,16777215],228],[9,true,-721,[229],230]],[1,70,380,0],[1,-1,1,1]],[13,"11",false,33554432,8,[[8,-722,[5,108,140],[0,0.5,0.8]],[10,-723,[4,16777215],231],[9,true,-724,[232],233]],[1,-70,380,0]],[13,"10",false,33554432,8,[[8,-725,[5,108,140],[0,0.5,0.8]],[10,-726,[4,16777215],234],[9,true,-727,[235],236]],[1,0,380,0]],[19,"9",false,33554432,8,[[8,-728,[5,108,140],[0,0.5,0.8]],[10,-729,[4,16777215],237],[9,true,-730,[238],239]],[1,100,326,0],[1,-1,1,1]],[13,"8",false,33554432,8,[[8,-731,[5,108,140],[0,0.5,0.8]],[10,-732,[4,16777215],240],[9,true,-733,[241],242]],[1,-100,326,0]],[19,"7",false,33554432,8,[[8,-734,[5,108,140],[0,0.5,0.8]],[10,-735,[4,16777215],243],[9,true,-736,[244],245]],[1,35,326,0],[1,-1,1,1]],[13,"6",false,33554432,8,[[8,-737,[5,108,140],[0,0.5,0.8]],[10,-738,[4,16777215],246],[9,true,-739,[247],248]],[1,-35,326,0]],[19,"5",false,33554432,8,[[8,-740,[5,108,140],[0,0.5,0.8]],[10,-741,[4,16777215],249],[9,true,-742,[250],251]],[1,140,266,0],[1,-1,1,1]],[13,"4",false,33554432,8,[[8,-743,[5,108,140],[0,0.5,0.8]],[10,-744,[4,16777215],252],[9,true,-745,[253],254]],[1,-140,266,0]],[19,"3",false,33554432,8,[[8,-746,[5,108,140],[0,0.5,0.8]],[10,-747,[4,16777215],255],[9,true,-748,[256],257]],[1,70,266,0],[1,-1,1,1]],[13,"2",false,33554432,8,[[8,-749,[5,108,140],[0,0.5,0.8]],[10,-750,[4,16777215],258],[9,true,-751,[259],260]],[1,-70,266,0]],[13,"1",false,33554432,8,[[8,-752,[5,108,140],[0,0.5,0.8]],[10,-753,[4,16777215],261],[9,true,-754,[262],263]],[1,0,266,0]],[11,"ppjm_battle_red",33554432,18,[-757],[[3,-755,[5,590,118]],[4,-756,264]],[1,0,210,0]],[105,"Home",true,[14,10],[106,[107,0.5208,[2,0.242613,0.362617,0.798746,0.520833125],[2,0.241814,0.361945,0.798799,0],[2,0.519964,0.630786,0.905039,0.5208],[2,0.519544,0.630484,0.905069,0]],[108,[4,4283190348],[0,1024,1024]],[109,true,false,266,267],[110],[111]]],[5,"icon",33554432,19,[[3,-758,[5,71,70]],[4,-759,8]],[1,-71.495,8.413,0]],[5,"9",33554432,20,[[3,-760,[5,28,34]],[12,-761]],[1,-42,0,0]],[5,"9",33554432,20,[[3,-762,[5,28,34]],[12,-763]],[1,-14,0,0]],[5,"9",33554432,20,[[3,-764,[5,28,34]],[12,-765]],[1,14,0,0]],[5,"9",33554432,20,[[3,-766,[5,28,34]],[12,-767]],[1,42,0,0]],[2,"Bip001 R Hand Socket",31,[-768],[1,-0.9433727268003133,0.9123544659922979,0.048367983406950976],[3,0.056204184973404694,0.011144820025817577,0.9577359035286716,-0.28188441189641317],[1,-176.39097515246553,-172.22748209186176,-32.594429265352225]],[2,"Bip001 R Hand Socket",32,[-769],[1,-0.9433727268003133,0.9123544659922979,0.048367983406950976],[3,0.056204184973404694,0.011144820025817577,0.9577359035286716,-0.28188441189641317],[1,-176.39097515246553,-172.22748209186176,-32.594429265352225]],[2,"Bip001 R Hand Socket",33,[-770],[1,-0.9433727268003133,0.9123544659922979,0.048367983406950976],[3,0.056204184973404694,0.011144820025817577,0.9577359035286716,-0.28188441189641317],[1,-176.39097515246553,-172.22748209186176,-32.594429265352225]],[14,"3",33554432,63,[[3,-771,[5,28,34]],[12,-772]]],[39,"video",33554432,16,[[3,-773,[5,66,50]],[4,-774,45]],[1,-84.53199999999998,1.393000000000029,0],[1,0.5,0.5,1]],[5,"9",33554432,34,[[3,-775,[5,28,34]],[12,-776]],[1,-14,0,0]],[5,"9",33554432,34,[[3,-777,[5,28,34]],[12,-778]],[1,12,0,0]],[14,"bg",33554432,36,[[3,-779,[5,120,120]],[16,0,-780,59]]],[5,"icon",33554432,21,[[3,-781,[5,110,127.5]],[16,0,-782,60]],[1,-0.293,9.923,0]],[5,"ksjm_js_sz",33554432,21,[[3,-783,[5,120,38]],[16,0,-784,61]],[1,0,-40.94100000