[1,["cdfKO/0i5CMr7YHOw2NzHt@3efb2","a7YStUNeNCOKGpSntUY1g5","abefp6q7BMIaQL6AjUTipd","cdfKO/0i5CMr7YHOw2NzHt@79118","cdfKO/0i5CMr7YHOw2NzHt@438fe"],["_parent","node","mainTexture","_effectAsset","root","data","_mesh","_skeleton"],[["cc.Node",["_name","_prefab","_lpos","_lrot","_euler","_children","_parent","_components"],2,4,5,5,5,2,1,9],["cc.Material",["_states","_defines","_props"],1,12],["cc.Skeleton",["_name","_hash","_joints","_bindposes"],0,12],["cc.Mesh",["_native","_hash","_struct"],1,11],["cc.Prefab",[],3],["cc.Node",["_name","_parent","_children","_prefab","_lpos","_lrot","_euler"],2,1,12,4,5,5,5],["cc.Node",["_name","_parent","_children","_prefab","_lpos","_lrot","_euler"],2,1,9,4,5,5,5],["cc.SkeletalAnimation",["node","__prefab"],3,1,4],["cc.CompPrefabInfo",["fileId"],2],["cc.PrefabInfo",["fileId","root","asset"],2,1,1],["cc.SkinnedMeshRenderer",["node","__prefab","_materials","lightmapSettings","_skinningRoot","_mesh","_skeleton"],3,1,4,3,4,1,6,6],["cc.ModelLightmapSettings",[],3]],[[9,0,1,2,2],[0,0,6,5,1,2,3,4,2],[6,0,1,2,3,4,5,6,2],[0,0,6,1,2,3,4,2],[0,0,6,1,2,2],[0,0,5,1,2,3,4,2],[8,0,2],[1,0,1,2,3],[2,0,1,2,3,4],[3,0,1,2,3],[4,1],[0,0,5,7,1,2],[0,0,5,1,3,4,2],[0,0,6,7,1,2,3,4,2],[5,0,1,2,3,4,5,6,2],[7,0,1,1],[10,0,1,2,3,4,5,6,1],[11,1]],[[[[7,[{"rasterizerState":{},"depthStencilState":{},"blendState":{"targets":[{}]}},{"rasterizerState":{},"depthStencilState":{},"blendState":{"targets":[{}]}},{"rasterizerState":{},"depthStencilState":{},"blendState":{"targets":[{}]}},{"rasterizerState":{},"depthStencilState":{},"blendState":{"targets":[{}]}}],[{"USE_OUTLINE_PASS":true,"USE_INSTANCING":true},{"USE_INSTANCING":true,"USE_BASE_COLOR_MAP":true,"BASE_COLOR_MAP_AS_SHADE_MAP_1":true,"BASE_COLOR_MAP_AS_SHADE_MAP_2":true},{},{}],[[[{"lineWidth":30},"baseColor",8,[4,4278190335]],[{"baseStep":1,"baseFeather":0,"shadeStep":0,"shadeFeather":0},"mainColor",8,[4,4294967295],"specular",8,[4,1275068416],"mainTexture",6,0],{},{}],11,11,0,0]]],0,0,[0,0],[2,3],[0,1]],[[[8,"Skin-0",968646591,["Bip001/Bip001 Pelvis/Bip001 Spine/Bip001 Spine1","Bip001/Bip001 Pelvis/Bip001 Spine/Bip001 Spine1/Bip001 Neck","Bip001/Bip001 Pelvis/Bip001 Spine/Bip001 Spine1/Bip001 Neck/Bip001 Neck1","Bip001/Bip001 Pelvis/Bip001 Spine/Bip001 Spine1/Bip001 Neck/Bip001 Neck1/Bip001 Head","Bip001/Bip001 Pelvis/Bip001 Spine/Bip001 Spine1/Bip001 Neck/Bip001 L Clavicle","Bip001/Bip001 Pelvis","Bip001/Bip001 Pelvis/Bip001 Spine/Bip001 R Thigh","Bip001/Bip001 Pelvis/Bip001 Spine","Bip001/Bip001 Pelvis/Bip001 Spine/Bip001 Spine1/Bip001 Neck/Bip001 R Clavicle","Bip001/Bip001 Pelvis/Bip001 Spine/Bip001 L Thigh","Bip001/Bip001 Pelvis/Bip001 Spine/Bip001 Spine1/Bip001 Neck/Bip001 R Clavicle/Bip001 R UpperArm","Bip001/Bip001 Pelvis/Bip001 Spine/Bone008","Bip001/Bip001 Pelvis/Bip001 Spine/Bip001 Spine1/Bip001 Neck/Bip001 L Clavicle/Bip001 L UpperArm","Bip001/Bip001 Pelvis/Bip001 Spine/Bip001 Spine1/Bip001 Neck/Bip001 L Clavicle/Bip001 L UpperArm/Bip001 L Forearm","Bip001/Bip001 Pelvis/Bip001 Spine/Bip001 Spine1/Bip001 Neck/Bip001 L Clavicle/Bip001 L UpperArm/Bip001 L Forearm/Bip001 L Hand","Bip001/Bip001 Pelvis/Bone010","Bip001/Bip001 Pelvis/Bone010/Bone011","Bip001/Bip001 Pelvis/Bone010/Bone011/Bone012","Bip001/Bip001 Pelvis/Bone010/Bone011/Bone012/Bone013","Bip001/Bip001 Pelvis/Bone010/Bone011/Bone012/Bone013/Bone014","Bip001/Bip001 Pelvis/Bone010/Bone011/Bone012/Bone013/Bone014/Bone015","Bip001/Bip001 Pelvis/Bip001 Spine/Bip001 R Thigh/Bip001 R Calf","Bip001/Bip001 Pelvis/Bip001 Spine/Bip001 L Thigh/Bip001 L Calf","Bip001/Bip001 Pelvis/Bip001 Spine/Bip001 L Thigh/Bip001 L Calf/Bip001 L Foot","Bip001/Bip001 Pelvis/Bip001 Spine/Bip001 Spine1/Bip001 Neck/Bip001 R Clavicle/Bip001 R UpperArm/Bip001 R Forearm","Bip001/Bip001 Pelvis/Bip001 Spine/Bip001 Spine1/Bip001 Neck/Bip001 R Clavicle/Bip001 R UpperArm/Bip001 R Forearm/Bip001 R Hand","Bip001/Bip001 Pelvis/Bip001 Spine/Bip001 R Thigh/Bip001 R Calf/Bip001 R Foot"],[[[7,0.0000036970627661503386,-0.0000024426669824606506,1,0,-0.1020812913775444,-0.9947761297225952,-0.0000020525060335785383,0,0.9947760105133057,-0.1020812913775444,-0.0000039271008063224144,0,-0.4524351954460144,3.206498861312866,0.000004392130449559772,1],[7,0.000003699796707223868,-0.000002942244691439555,1,0,-0.23531194031238556,-0.9719199538230896,-0.0000019890201201633317,0,0.9719198346138,-0.23531194031238556,-0.0000042882520574494265,0,-0.7837371826171875,3.3435356616973877,0.000004758913746627513,1],[7,0.000003634924951256835,-0.0000034363258691882947,1,0,-0.3642427623271942,-0.9313040971755981,-0.0000018762692661766778,0,0.9313039779663086,-0.3642427623271942,-0.000004636877747543622,0,-1.3151122331619263,3.5541622638702393,0.000005320163381838938,1],[7,0.0000037056543078506365,-0.000002614418917801231,1,0,-0.1482096165418625,-0.9889560341835022,-0.000002036331807175884,0,0.9889559149742126,-0.1482096165418625,-0.000004052211352245649,0,-3.045577049255371,2.9512317180633545,0.0000036983642530685756,1],[7,0.7661544680595398,0.6395038962364197,0.06357758492231369,0,-0.6256597638130188,0.7648343443870544,-0.15355314314365387,0,-0.1468241661787033,0.07786750048398972,0.9860929250717163,0,1.8866240978240967,-2.679722785949707,-1.0776370763778687,1],[7,0.0000022171727778186323,0.0000023144245915318606,1,0,0.06087905541062355,-0.9981452822685242,0.000002175152530980995,0,0.9981451630592346,0.06087905541062355,-0.00000235396032621793,0,1.0253127813339233,3.1649913787841797,-0.000007465238013537601,1],[7,-0.062096647918224335,0.004753936547785997,-0.9980587959289551,0,-0.9865736365318298,-0.15163491666316986,0.06065979599952698,0,-0.15105222165584564,0.9884250164031982,0.014106128364801407,0,2.772592306137085,1.6791449785232544,-1.7592670917510986,1],[7,0.0000036629287478717742,-0.000002144079189747572,1,0,-0.021067947149276733,-0.9997782111167908,-0.000002066433125946787,0,0.9997779726982117,-0.021067949011921883,-0.0000037072875329613453,0,0.21623502671718597,3.158628463745117,0.000004263359642209252,1],[7,-0.7661547064781189,-0.6395043134689331,0.06357023864984512,0,-0.6256607174873352,0.7648335099220276,0.15355324745178223,0,-0.146818608045578,0.077872134745121,-0.9860934019088745,0,1.8866305351257324,-2.6797168254852295,1.077636480331421,1],[7,0.037808824330568314,-0.003228461369872093,-0.9992796778678894,0,-0.9890817403793335,-0.14265775680541992,-0.03696207329630852,0,-0.14243566989898682,0.9897667765617371,-0.008586933836340904,0,2.829496145248413,1.6505606174468994,1.694533109664917,1],[7,-0.1509462594985962,-0.08470095694065094,0.9849065542221069,0,-0.9652477502822876,0.2276434600353241,-0.12835626304149628,0,-0.21333563327789307,-0.9700536131858826,-0.11611935496330261,0,2.261671781539917,0.691504955291748,1.758859634399414,1],[7,0.0000010234302862954792,-0.000003411262923691538,-1,0,0.999732494354248,0.023122193291783333,9.442811688131769e-7,0,0.023122193291783333,-0.9997323751449585,0.0000034340162073931424,0,-5.227906227111816,0.10151619464159012,-2.1656785520463018e-7,1],[7,0.1509459763765335,0.08469320088624954,0.9849072694778442,0,-0.9652475714683533,0.22764351963996887,0.1283576339483261,0,-0.2133367508649826,-0.9700542688369751,0.11611178517341614,0,2.2616708278656006,0.6915050148963928,-1.7588677406311035,1],[7,0.09967581927776337,0.14150077104568481,0.9849072098731995,0,-0.9690660238265991,-0.21079719066619873,0.1283576935529709,0,0.22577838599681854,-0.967234194278717,0.11611221730709076,0,0.6343053579330444,1.0695302486419678,-1.7588680982589722,1],[7,-0.07350661605596542,0.09869126975536346,0.9923994541168213,0,-0.07955199480056763,-0.992500901222229,0.09280897676944733,0,0.9941167831420898,-0.07212528586387634,0.08080647140741348,0,-1.117104411125183,0.2584463953971863,-1.7144360542297363,1],[7,-0.0000033124872516054893,5.69230167002388e-7,-1,0,-0.49523672461509705,-0.8687582015991211,0.0000011459418374215602,0,-0.8687581419944763,0.49523669481277466,0.0000031596537155564874,0,-0.5646426677703857,3.850609064102173,-0.00000223892743633769,1],[7,-0.000003202824245818192,0.0000014959111922507873,-1,0,-0.6099335551261902,-0.7924527525901794,7.680709472879244e-7,0,-0.7924526929855347,0.6099334955215454,0.000003450492840784136,0,-0.8928667306900024,4.011382579803467,-4.4112439923083e-7,1],[7,-0.000003470993306109449,6.693593377349316e-7,-1,0,-0.3981798589229584,-0.9173076748847961,7.680709472879244e-7,0,-0.9173076152801514,0.398179829120636,0.000003450492840784136,0,-2.64387583732605,3.4712705612182617,-4.852167876379099e-7,1],[7,-0.0000035349435165699106,6.639567229349552e-10,-1,0,-0.21746277809143066,-0.9760684967041016,7.680709472879244e-7,0,-0.9760684370994568,0.21746276319026947,0.000003450492840784136,0,-4.109128475189209,2.7434780597686768,-5.513185215022531e-7,1],[7,-0.0000034772003800753737,-6.363265470099577e-7,-1,0,-0.03802037984132767,-0.9992771148681641,7.680709472879244e-7,0,-0.9992770552635193,0.03802037611603737,0.000003450492840784136,0,-5.398936748504639,1.8000826835632324,-6.302176984718244e-7,1],[7,-0.0000030192570648068795,-0.0000018384536133453366,-1,0,0.3220728039741516,-0.9467146992683411,7.680709472879244e-7,0,-0.9467146396636963,-0.3220727741718292,0.000003450492840784136,0,-6.521041393280029,-0.5711925029754639,-7.200513891802984e-7,1],[7,-0.06161072477698326,-0.009094295091927052,-0.9980588555335999,0,-0.9286260604858398,-0.3660249412059784,0.06065981090068817,0,-0.36586612462997437,0.9305605292320251,0.014105862937867641,0,0.7880092859268188,1.9004212617874146,-1.7592674493789673,1],[7,0.03756007179617882,0.00540143484249711,-0.9992796778678894,0,-0.9312344789505005,-0.3625416159629822,-0.03696209192276001,0,-0.36248019337654114,0.9319518208503723,-0.008587084710597992,0,0.8402748107910156,1.8894035816192627,1.694532871246338,1],[7,-6.159693271001743e-7,0.0000010156496728086495,-1,0,-0.9996652603149414,0.02587677165865898,6.420448812605173e-7,0,0.02587677165865898,0.9996651411056519,9.993703997679404e-7,0,0.6923491954803467,1.768373966217041,1.6871929168701172,1],[7,-0.09967292100191116,-0.14150704443454742,0.9849066138267517,0,-0.9690662026405334,-0.21079742908477783,-0.12835630774497986,0,0.22577911615371704,-0.9672332406044006,-0.1161189004778862,0,0.6343061923980713,1.0695322751998901,1.7588592767715454,1],[7,0.07351397722959518,-0.09869039058685303,0.9923990368843079,0,-0.07955186814069748,-0.9925011396408081,-0.09280756115913391,0,0.9941162467002869,-0.07212455570697784,-0.08081371337175369,0,-1.1171048879623413,0.25844746828079224,1.7144275903701782,1],[7,-6.159693271001743e-7,0.0000010156496728086495,-1,0,-0.9996652603149414,0.02587677165865898,6.420448812605173e-7,0,0.02587677165865898,0.9996651411056519,9.993703997679404e-7,0,0.6992267966270447,1.7850544452667236,-1.7484878301620483,1]],8,8,8,8,8,8,8,8,8,8,8,8,8,8,8,8,8,8,8,8,8,8,8,8,8,8,8]]],0,0,[],[],[]],[[[9,".bin",269072975,[{"primitives":[{"primitiveMode":7,"jointMapIndex":0,"vertexBundelIndices":[0],"indexView":{"offset":288992,"length":46200,"count":11550,"stride":4}}],"vertexBundles":[{"view":{"offset":0,"length":288992,"count":3284,"stride":88},"attributes":[{"name":"a_position","format":32,"isNormalized":false},{"name":"a_normal","format":32,"isNormalized":false},{"name":"a_texCoord","format":21,"isNormalized":false},{"name":"a_tangent","format":44,"isNormalized":false},{"name":"a_joints","format":42,"isNormalized":false},{"name":"a_weights","format":44,"isNormalized":false},{"name":"a_color","format":44,"isNormalized":false}]}],"jointMaps":[[0,1,2,3,4,5,6,7,8,9,10,11,12,13,14,15,16,17,18,19,20,21,22,23,24,25,26]]},"minPosition",8,[1,-3.0314269065856934,-0.030826281756162643,-8.797143936157227],"maxPosition",8,[1,3.023829698562622,5.660652160644531,5.570140838623047]]],-1],0,0,[],[],[]],[[[10],[11,"AnkyloT_4",[-3],[[15,-2,[6,"edIsbpgnJbZbTnjprLGyZz"]]],[0,"bewad4bAVcvpcHjw1yH8lC",-1,0]],[5,"Bip001 Spine",[-4,-5,-6,-7],[0,"d4uLcWdNNQQYloAVlKD/m2",1,0],[1,1.0684770345687866,-0.0007360791205428541,-0.0014171345392242074],[3,0.00005177630511280659,-7.427242023638705e-7,0.04098162164063156,0.9991598991184377],[1,0.0059516224713942805,-0.0003292937038096567,4.697463423787903]],[12,"Bip001 Pelvis",[2,-8,-9],[0,"25O7Ae/BpWtIa4Gx2CJ/fb",1,0],[3,0.5003314706992925,0.5003314706992925,0.4996683094092351,-0.4996683094092351],[1,-90.00000000000003,-90.00000000000003,0.07599269168352964]],[5,"Bip001 Neck",[-10,-11,-12],[0,"d4xncjrzNfC73wwecr5pV0",1,0],[1,0.7750768661499023,-0.0007878589094616473,-2.0438433168123993e-9],[3,0.00004434124148470102,-0.0006625547931594988,0.06758852109282482,0.997713060389351],[1,0.010295107977519643,-0.076794630719699,7.750977886386109]],[14,"Bone008",2,[[[4,"Bone009",-13,[0,"33Yj4iG05fHqxFg11ACntK",1,0],[1,0.43825045228004456,6.588745122826367e-7,-2.437708923608284e-9]],-14,-15],4,1,1],[0,"fdhUnGHsJRWa9gjvlL8uP6",1,0],[1,0.3133467435836792,-2.0666539669036865,-0.0004200899857096374],[3,0.7090826116779271,-0.7051251016375244,-0.00047054369315446565,0.00046844990535946536],[1,179.99227054255786,0.06835605923547472,-89.67932855912694]],[1,"Bip001",1,[3],[0,"58anehCIZeZbq/3nG08Kh1",1,0],[1,0,3.10990047454834,-1.1819279193878174],[3,-0.01811248276518928,-0.01811248276518928,-0.7068742615958933,0.7068752748748691],[1,-89.99839733156591,-89.99839733156591,-87.06442544557176]],[1,"Bip001 Spine1",2,[4],[0,"c9+QFAB4Rc/o8s8mMgOzBU",1,0],[1,0.9272294044494629,-0.0006154663278721273,-1.381486702811685e-9],[3,0.000026413405355780967,-0.0006634367818909363,0.04058381214450462,0.9991759171165947],[1,0.006129805218067178,-0.07633592175209857,4.6518368228171205]],[2,"Bip001 Neck1",4,[[3,"Bip001 Head",-16,[0,"abJ/5P+XNbz6WqljXGSfdS",1,0],[1,0.9985947012901306,0,1.8167496396159777e-9],[3,0.00013150679096624455,0.0019642088728904893,-0.1117971447972974,0.9937290994051848],[1,0.04116763650377595,0.2311332727931673,-12.83779097544328]]],[0,"d7CvNyqTZYj7YM6sROB7Tz",1,0],[1,0.9987018704414368,-0.0007878589094616473,-1.8167496396159777e-9],[3,0.00004434112154305599,-0.0006625545619971925,0.06758848401011257,0.99771306290162],[1,0.010295089398654237,-0.07679460233513374,7.750973627293553]],[1,"Bip001 L Clavicle",4,[-17],[0,"d2OGcDRmBby777K14uvFxF",1,0],[1,0.0004471820138860494,0.0007934399764053524,0.33675286173820496],[3,0.6533207407456494,0.20628640403396842,0.6738053673841444,0.27677473892428933],[1,173.7326300649806,-89.48671448930648,39.980509298569885]],[1,"Bip001 L UpperArm",9,[-18],[0,"b1qe1tRw5VCpO2gLsxketS",1,0],[1,1.2994829416275024,0,2.3254395387084514e-7],[3,-0.5996599843206751,0.24661143328794446,-0.25140303582004786,0.7186008751432587],[1,-78.18012419388903,4.025448444746623,-41.07777576066754]],[2,"Bip001 L Forearm",10,[[3,"Bip001 L Hand",-19,[0,"4brtZ4czVZ8bGvtR0mYljs",1,0],[1,0.762741208076477,0,1.5502929784361186e-7],[3,-0.02566390213221787,-0.0022736586129745353,-0.594027959878007,0.8040317017923064],[1,-8.536268961422733,-6.6192732112923025,-72.7689404705466]]],[0,"27GTWHcDldvrCBqg+iXa7P",1,0],[1,1.2282006740570068,7.751464892180593e-8,1.5502929784361186e-7],[3,7.015417846164832e-18,-3.182851613428059e-17,-0.22105727489316543,0.9752608272748411],[1,-2.4646754342725863e-17,-3.7453853651370196e-15,-25.542278832034995]],[1,"Bip001 R Clavicle",4,[-20],[0,"d5yJp0NJJWYK4qcdq5jsrt",1,0],[1,-0.00044702697778120637,0.00079654052387923,-0.33675289154052734],[3,-0.6524244949443452,-0.2059213160001891,0.6746713915051678,0.27705090416356176],[1,-173.73262205705186,89.63885294892262,39.98094876876576]],[1,"Bip001 R UpperArm",12,[-21],[0,"34Kq5Y2ZxfdZlUA2+jP6Q7",1,0],[1,1.2994827032089233,3.100585956872237e-7,-3.875732375036023e-7],[3,0.6013177056409676,-0.24779962082232013,-0.25077080806571744,0.7170260571451111],[1,78.43245568022256,-4.093123514531278,-41.11944915904865]],[2,"Bip001 R Forearm",13,[[3,"Bip001 R Hand",-22,[0,"0dhrlhSiJQhKEXXDQTvHh7",1,0],[1,0.762741208076477,-1.4438228480854245e-16,-2.887645696170849e-16],[3,0.025663906486745595,0.0022736552440734714,-0.5940279313290109,0.8040317227551701],[1,8.536267781469203,6.61927138806726,-72.76893643767355]]],[0,"24zn4RZkFY7amw//xaynRP",1,0],[1,1.2282004356384277,-1.4438228480854245e-16,0],[3,7.669465377577222e-19,3.3836156934027933e-18,-0.22105728906616126,0.9752608240623221],[1,1.8999109776835784e-16,4.4063362730167367e-16,-25.542280497338925]],[1,"Bip001 L Thigh",2,[-23],[0,"d7RguCSXpQBbK0xk+N23Ra",1,0],[1,-1.0648205280303955,0.08840266615152359,1.5930780172348022],[3,0.6625738117833123,0.7487689227186523,0.010440896224099376,-0.015232596486435622],[1,-16.39180694446097,-163.21914064447856,82.70759380292625]],[1,"Bip001 L Calf",15,[-24],[0,"a9cw0d4n9ccqyMUQAZMbai",1,0],[1,1.5838813781738281,0,-2.887645696170849e-16],[3,-8.387088961531446e-19,-7.324714299152993e-18,-0.11376063830852716,0.9935081867662875],[1,-1.9604428689665563e-16,-8.672827920822968e-16,-13.064291466985956]],[2,"Bip001 L Foot",16,[[3,"Bip001 L Toe0",-25,[0,"efkTW9zZFZJI25TD3m8Pf0",1,0],[1,0.6419089436531067,0.687674880027771,0],[3,0.0004693973588642113,-0.000469428238027256,0.7071066253766998,0.7071066253766998],[1,0,0.0760691037583406,90]]],[0,"79CesPwHVaIZOPJ2Xi1rNA",1,0],[1,0.9490170478820801,0,-1.5502929784361186e-7],[3,-0.0009469189856471732,-0.01893530262309995,0.19715801246500725,0.9801883879029858],[1,0.34853177984961814,-2.283491811808957,22.73936930269677]],[1,"Bip001 R Thigh",2,[-26],[0,"20pC4RZvxeJqP1UtMVDAWv",1,0],[1,-1.0648345947265625,0.08806842565536499,-1.5902496576309204],[3,0.6589856141829366,0.7515425675297286,-0.018692366762010755,0.023923313223624953],[1,24.510118352803264,155.06492057937555,81.73632639529781]],[1,"Bip001 R Calf",18,[-27],[0,"88Jf3KuuRXJpkws1wBwnIo",1,0],[1,1.5838813781738281,-2.887645696170849e-16,2.887645696170849e-16],[3,-4.34209286864836e-19,-3.8788997415022485e-18,-0.11124651250730226,0.9937928423242756],[1,-1.0140569157467056e-16,-4.586169056672322e-16,-12.77435306587179]],[2,"Bip001 R Foot",19,[[3,"Bip001 R Toe0",-28,[0,"0dgL01iCpW0LuSu4Mt7nQ3",1,0],[1,0.6419088840484619,0.6876747608184814,0],[3,-1.5434638720365767e-8,-1.5434638720365767e-8,0.7071067811865474,0.7071067811865474],[1,0,-0.000002501290273308397,90]]],[0,"f2Wv07HvFSEokQZgTT6dUz",1,0],[1,0.9490171074867249,-1.5502929784361186e-7,0],[3,0.001558855281658048,0.03109511525388515,0.19902546566830603,0.979499631338916],[1,-0.5801508374174568,3.754383012769062,22.953733194862078]],[2,"Bone019",5,[[4,"Bone020",-29,[0,"c3Z2Va9SJVRaTsgXs5DsSO",1,0],[1,2.6205852031707764,-5.775291392341698e-16,-6.201171913744474e-7]]],[0,"a1iBrVTmleYqkxxQslq5l6",1,0],[1,-0.5139475464820862,-0.1788734495639801,-4.047522068023682],[3,0.0000011741348238154282,-0.0000011343459080374691,-0.6941400258301392,0.7198399992622445],[1,0.00018224758559869632,-0.000004835966750189019,-87.9174558780277]],[2,"Bone017",5,[[4,"Bone018",-30,[0,"65LNiPw4NTkY7PIjzlNd9o",1,0],[1,2.6205861568450928,0,-9.301758154833806e-7]]],[0,"90k40W+rpV6Ir11SGqo94B",1,0],[1,-0.5139732956886292,-0.1788749396800995,3.987529993057251],[3,0.0000011741348238154282,-0.0000011343459080374691,-0.6941400258301392,0.7198399992622445],[1,0.00018224758559869632,-0.000004835966750189019,-87.9174558780277]],[13,"AnkyloT_01sk_body",3,[[16,-31,[6,"a5ibxwQClQ2K1LVTXXQ1ym"],[0],[17],1,1,2]],[0,"c426yPEFpRDYrtjEn+VMnn",1,0],[1,1.0253124237060547,3.1649911403656006,-0.000007275779353221878],[3,0.7067797688528538,0.021528767143103762,0.7067782191321096,-0.021527180169457164],[1,-176.5107033475015,-89.9998784016551,0.00013235347811552017]],[1,"Bone010",3,[-32],[0,"20p2RUdWtSdJv+Fs9VX1sg",1,0],[1,-1.181052565574646,-0.04246407374739647,0.0015667261322960258],[3,0.22602606881868118,0.9741210157016759,-0.00018776222358720296,-0.0006540092166551204],[1,0.004477347201445828,-179.9241039603829,26.12645287296365]],[1,"Bone011",24,[-33],[0,"b2J4HNIlldRIWgYk4T/3M0",1,0],[1,0.8710483908653259,-9.301758154833806e-7,2.131652934167505e-7],[3,0.00006636011857587587,0.000004591610502777929,0.06902730653650424,0.9976147685993663],[1,0.007622490852442326,-2.0796107767267924e-10,7.916241707249481]],[1,"Bone012",25,[-34],[0,"9a/s0sNftdPrTpOQM4nMW1",1,0],[1,0.8242824077606201,6.201171913744474e-7,2.9067994233855643e-8],[3,-0.00007872430339463201,0.0000025362607783313555,-0.12282878014453354,0.9924278737340348],[1,-0.009194568491945252,-0.0008451229297394203,-14.110775576914842]],[1,"Bone013",26,[-35],[0,"c6w0PzwSNYeYRIk1uEdnO4",1,0],[1,0.8720757961273193,6.201171913744474e-7,1.3080597227599355e-7],[3,-0.000015971593003700164,8.036286191361641e-7,-0.09486062199411818,0.9954905635610773],[1,-0.001846451631965128,-0.00008344277382392607,-10.886595625935904]],[1,"Bone014",27,[-36],[0,"881mcfi7FeCofwouZv6eq/",1,0],[1,0.8770655393600464,1.1550582784683396e-15,9.206757312085756e-8],[3,0.0000514686030471558,-0.000003606086435020692,-0.0897875196998891,0.9959609423286243],[1,0.005932597833366309,0.00011993058496831702,-10.30276676160644]],[2,"Bone015",28,[[3,"Bone016",-37,[0,"89FMyBzK5ZILOKc6xYd+a8",1,0],[1,2.533611536026001,4.650879077416903e-7,4.3117523773616995e-7],[3,-0.005663199698055533,0.07452419245140286,-0.04215944470653877,0.996311524640101],[1,-0.2875644573531667,8.543304270524974,-4.867512739898004]]],[0,"ccTNpoalNQYY2iz/pN+Zs/",1,0],[1,0.8947088122367859,-2.887645696170849e-16,-1.6956329673689652e-8],[3,-0.0000324088147847015,0.000006999376774542835,-0.18078157659944957,0.9835232688975358],[1,-0.00375289007335867,0.00012568702345266917,-20.83057547944545]]],0,[0,4,1,0,1,1,0,-1,6,0,-1,7,0,-2,15,0,-3,18,0,-4,5,0,-2,23,0,-3,24,0,-1,8,0,-2,9,0,-3,12,0,0,5,0,-2,21,0,-3,22,0,0,8,0,-1,10,0,-1,11,0,0,11,0,-1,13,0,-1,14,0,0,14,0,-1,16,0,-1,17,0,0,17,0,-1,19,0,-1,20,0,0,20,0,0,21,0,0,22,0,1,23,0,-1,25,0,-1,26,0,-1,27,0,-1,28,0,-1,29,0,0,29,0,5,1,2,0,3,3,0,6,4,0,7,37],[0,0,0],[-1,6,7],[2,3,4]]]]
