[1,["a7YStUNeNCOKGpSntUY1g5","2f2JcG9slBSpmVvzjsAwtv","3bTtO3QcZIQbXgQcjBcqkz@c2696","2dQUwYpF1Af4s2OUXq7b0M@a96a6","2dQUwYpF1Af4s2OUXq7b0M@291d4","7bWyPngNFBA619GY5/pIon@3efb2","2dQUwYpF1Af4s2OUXq7b0M@cb93c","2dQUwYpF1Af4s2OUXq7b0M@4e055","7bWyPngNFBA619GY5/pIon@9317b","7bWyPngNFBA619GY5/pIon@438fe","9amqeI11lOOai1OUkth1sK","88ib4WRkNJBqF+Xw9Hu6lD","25HGNNh81CZ5XwqUG4gbDx","e7839by61LRoSi+7XvjV7o","1ejprCzBhDZrJ1/mflALt7","2dQUwYpF1Af4s2OUXq7b0M@77b05","3bTtO3QcZIQbXgQcjBcqkz@73d50","3bTtO3QcZIQbXgQcjBcqkz@9292d","3bTtO3QcZIQbXgQcjBcqkz@e82f6","3bTtO3QcZIQbXgQcjBcqkz@79042","2dQUwYpF1Af4s2OUXq7b0M@88915"],["_parent","mainTexture","_effectAsset","node","_mesh","root","target","data","_skeleton","_defaultClip"],[["cc.Node",["_name","_prefab","_lrot","_euler","_parent","_children","_lpos","_components","_lscale"],2,4,5,5,1,2,5,9,5],["cc.Node",["_name","_children","_prefab","_parent","_lpos","_lrot","_euler"],2,12,4,1,5,5,5],["cc.Material",["_states","_defines","_props"],1,12],["cc.Mesh",["_native","_hash","_struct"],1,11],["cc.Skeleton",["_name","_hash","_joints","_bindposes"],0,12],["cc.Prefab",["_name"],2],["cc.Node",["_name","_parent","_children","_prefab","_lpos","_lrot","_euler"],2,1,9,4,5,5,5],["cc.SkeletalAnimation",["node","__prefab","_clips","_sockets","_defaultClip"],3,1,4,3,9,6],["cc.CompPrefabInfo",["fileId"],2],["cc.SkeletalAnimation.Socket",["path","target"],2,1],["cc.PrefabInfo",["fileId","root","asset"],2,1,1],["cc.SkinnedMeshRenderer",["_shadowCastingMode","_shadowReceivingMode","node","__prefab","_materials","lightmapSettings","_skinningRoot","_mesh","_skeleton"],1,1,4,3,4,1,6,6],["cc.ModelLightmapSettings",[],3],["cc.MeshRenderer",["node","__prefab","_materials","lightmapSettings","_mesh"],3,1,4,3,4,6]],[[10,0,1,2,2],[0,0,4,5,1,6,2,3,2],[6,0,1,2,3,4,5,6,2],[2,0,1,2,3],[0,0,4,1,6,2,3,2],[0,0,4,1,6,2],[8,0,2],[3,0,1,2,3],[12,1],[4,0,1,2,3,4],[5,0,2],[0,0,5,7,1,8,2],[0,0,5,1,2,3,2],[0,0,5,1,6,2,3,2],[0,0,4,7,1,2],[0,0,4,7,1,2,3,2],[1,0,3,1,2,4,5,6,2],[1,0,1,2,4,5,6,2],[1,0,3,1,2,2],[7,0,1,2,3,4,1],[9,0,1,2],[11,0,1,2,3,4,5,6,7,8,3],[13,0,1,2,3,4,1]],[[[[3,[{"rasterizerState":{},"depthStencilState":{},"blendState":{"targets":[{}]}},{"rasterizerState":{},"depthStencilState":{},"blendState":{"targets":[{}]}},{"rasterizerState":{},"depthStencilState":{},"blendState":{"targets":[{}]}},{"rasterizerState":{},"depthStencilState":{},"blendState":{"targets":[{}]}}],[{"USE_OUTLINE_PASS":true},{"USE_BASE_COLOR_MAP":true,"BASE_COLOR_MAP_AS_SHADE_MAP_1":true,"BASE_COLOR_MAP_AS_SHADE_MAP_2":true},{},{}],[[[{"lineWidth":30},"baseColor",8,[4,4278190335]],[{"baseStep":1,"baseFeather":0,"shadeStep":0,"shadeFeather":0},"mainColor",8,[4,4294967295],"specular",8,[4,1275068416],"mainTexture",6,0],{},{}],11,11,0,0]]],0,0,[0,0],[1,2],[3,0]],[[[3,[{"rasterizerState":{},"depthStencilState":{},"blendState":{"targets":[{}]}},{"rasterizerState":{},"depthStencilState":{},"blendState":{"targets":[{}]}},{"rasterizerState":{},"depthStencilState":{},"blendState":{"targets":[{}]}},{"rasterizerState":{},"depthStencilState":{},"blendState":{"targets":[{}]}}],[{"USE_OUTLINE_PASS":true},{"USE_BASE_COLOR_MAP":true,"BASE_COLOR_MAP_AS_SHADE_MAP_1":true,"BASE_COLOR_MAP_AS_SHADE_MAP_2":true},{},{}],[[[{"lineWidth":30},"baseColor",8,[4,4278190335]],[{"baseStep":1,"baseFeather":0,"shadeStep":0,"shadeFeather":0},"mainColor",8,[4,4294967295],"specular",8,[4,1275068416],"mainTexture",6,0],{},{}],11,11,0,0]]],0,0,[0,0],[1,2],[4,0]],[[[7,".bin",591861655,[{"primitives":[{"primitiveMode":7,"vertexBundelIndices":[0],"indexView":{"offset":19488,"length":5280,"count":1320,"stride":4}},{"primitiveMode":7,"vertexBundelIndices":[1],"indexView":{"offset":43776,"length":3552,"count":888,"stride":4}},{"primitiveMode":7,"vertexBundelIndices":[2],"indexView":{"offset":58560,"length":1824,"count":456,"stride":4}},{"primitiveMode":7,"vertexBundelIndices":[3],"indexView":{"offset":81504,"length":4368,"count":1092,"stride":4}},{"primitiveMode":7,"vertexBundelIndices":[4],"indexView":{"offset":103632,"length":3588,"count":897,"stride":4}}],"vertexBundles":[{"view":{"offset":0,"length":19488,"count":406,"stride":48},"attributes":[{"name":"a_position","format":32,"isNormalized":false},{"name":"a_normal","format":32,"isNormalized":false},{"name":"a_texCoord","format":21,"isNormalized":false},{"name":"a_tangent","format":44,"isNormalized":false}]},{"view":{"offset":24768,"length":19008,"count":396,"stride":48},"attributes":[{"name":"a_position","format":32,"isNormalized":false},{"name":"a_normal","format":32,"isNormalized":false},{"name":"a_texCoord","format":21,"isNormalized":false},{"name":"a_tangent","format":44,"isNormalized":false}]},{"view":{"offset":47328,"length":11232,"count":234,"stride":48},"attributes":[{"name":"a_position","format":32,"isNormalized":false},{"name":"a_normal","format":32,"isNormalized":false},{"name":"a_texCoord","format":21,"isNormalized":false},{"name":"a_tangent","format":44,"isNormalized":false}]},{"view":{"offset":60384,"length":21120,"count":440,"stride":48},"attributes":[{"name":"a_position","format":32,"isNormalized":false},{"name":"a_normal","format":32,"isNormalized":false},{"name":"a_texCoord","format":21,"isNormalized":false},{"name":"a_tangent","format":44,"isNormalized":false}]},{"view":{"offset":85872,"length":17760,"count":370,"stride":48},"attributes":[{"name":"a_position","format":32,"isNormalized":false},{"name":"a_normal","format":32,"isNormalized":false},{"name":"a_texCoord","format":21,"isNormalized":false},{"name":"a_tangent","format":44,"isNormalized":false}]}]},"minPosition",8,[1,-0.22634047269821167,-0.0009319018572568893,-0.37181568145751953],"maxPosition",8,[1,0.4768465459346771,0.9094533324241638,1.4563287496566772]]],-1],0,0,[],[],[]],[[[3,[{"rasterizerState":{},"depthStencilState":{},"blendState":{"targets":[{}]}},{"rasterizerState":{},"depthStencilState":{},"blendState":{"targets":[{}]}},{"rasterizerState":{},"depthStencilState":{},"blendState":{"targets":[{}]}},{"rasterizerState":{},"depthStencilState":{},"blendState":{"targets":[{}]}}],[{"USE_OUTLINE_PASS":true},{"USE_BASE_COLOR_MAP":true,"BASE_COLOR_MAP_AS_SHADE_MAP_1":true,"BASE_COLOR_MAP_AS_SHADE_MAP_2":true},{},{}],[[[{"lineWidth":30},"baseColor",8,[4,4278190335]],[{"baseStep":1,"baseFeather":1,"shadeStep":0,"shadeFeather":0},"mainColor",8,[4,4294967295],"specular",8,[4,1275068416],"mainTexture",6,0],{},{}],11,11,0,0]]],0,0,[0,0],[1,2],[5,0]],[[[9,"Skin-0",518485033,["Bip001/Bip001 Pelvis/Bip001 Spine/Bip001 Spine1/Bip001 Neck/Bip001 Neck1/Bip001 Head","Bip001/Bip001 Pelvis/Bip001 Spine/Bip001 Spine1/Bip001 Neck/Bip001 Neck1/Bip001 Head/Bone011","Bip001/Bip001 Pelvis/Bip001 Spine/Bip001 Spine1/Bip001 Neck/Bip001 Neck1/Bip001 Head/Bone011/Bone012","Bip001/Bip001 Pelvis/Bip001 Spine/Bip001 Spine1/Bip001 Neck/Bip001 Neck1","Bip001/Bip001 Pelvis/Bip001 Spine/Bip001 Spine1","Bip001/Bip001 Pelvis/Bip001 Spine/Bip001 Spine1/Bip001 Neck","Bip001/Bip001 Pelvis/Bip001 Spine/Bip001 Spine1/Bip001 Neck/Bip001 R Clavicle","Bip001/Bip001 Pelvis/Bone001/Bone002/Bone003","Bip001/Bip001 Pelvis/Bone001/Bone002/Bone003/Bone004","Bip001/Bip001 Pelvis/Bone001/Bone002","Bip001/Bip001 Pelvis/Bone001/Bone002/Bone003/Bone004/Bone005/Bone006/Bone007/Bone008/Bone009","Bip001/Bip001 Pelvis/Bone001/Bone002/Bone003/Bone004/Bone005/Bone006/Bone007/Bone008/Bone009/Bone010","Bip001/Bip001 Pelvis/Bone001/Bone002/Bone003/Bone004/Bone005/Bone006/Bone007/Bone008","Bip001/Bip001 Pelvis/Bone001/Bone002/Bone003/Bone004/Bone005/Bone006","Bip001/Bip001 Pelvis/Bone001/Bone002/Bone003/Bone004/Bone005/Bone006/Bone007","Bip001/Bip001 Pelvis/Bone001/Bone002/Bone003/Bone004/Bone005","Bip001/Bip001 Pelvis/Bone001","Bip001/Bip001 Pelvis","Bip001/Bip001 Pelvis/Bip001 Spine/Bip001 R Thigh","Bip001/Bip001 Pelvis/Bip001 Spine/Bip001 R Thigh/Bip001 R Calf","Bip001/Bip001 Pelvis/Bip001 Spine/Bip001 L Thigh","Bip001/Bip001 Pelvis/Bip001 Spine/Bip001 L Thigh/Bip001 L Calf","Bip001/Bip001 Pelvis/Bip001 Spine","Bip001/Bip001 Pelvis/Bip001 Spine/Bip001 Spine1/Bip001 Neck/Bip001 L Clavicle","Bip001/Bip001 Pelvis/Bip001 Spine/Bip001 Spine1/Bip001 Neck/Bip001 R Clavicle/Bip001 R UpperArm","Bip001/Bip001 Pelvis/Bip001 Spine/Bip001 Spine1/Bip001 Neck/Bip001 L Clavicle/Bip001 L UpperArm","Bip001/Bip001 Pelvis/Bip001 Spine/Bip001 Spine1/Bip001 Neck/Bip001 R Clavicle/Bip001 R UpperArm/Bip001 R Forearm","Bip001/Bip001 Pelvis/Bip001 Spine/Bip001 R Thigh/Bip001 R Calf/Bip001 R HorseLink/Bip001 R Foot","Bip001/Bip001 Pelvis/Bip001 Spine/Bip001 R Thigh/Bip001 R Calf/Bip001 R HorseLink","Bip001/Bip001 Pelvis/Bip001 Spine/Bip001 Spine1/Bip001 Neck/Bip001 R Clavicle/Bip001 R UpperArm/Bip001 R Forearm/Bip001 R Hand","Bip001/Bip001 Pelvis/Bip001 Spine/Bip001 Spine1/Bip001 Neck/Bip001 R Clavicle/Bip001 R UpperArm/Bip001 R Forearm/Bip001 R Hand/Bip001 R Finger0","Bip001/Bip001 Footsteps","Bip001/Bip001 Pelvis/Bip001 Spine/Bip001 L Thigh/Bip001 L Calf/Bip001 L HorseLink/Bip001 L Foot","Bip001/Bip001 Pelvis/Bip001 Spine/Bip001 R Thigh/Bip001 R Calf/Bip001 R HorseLink/Bip001 R Foot/Bip001 R Toe0","Bip001/Bip001 Pelvis/Bip001 Spine/Bip001 Spine1/Bip001 Neck/Bip001 L Clavicle/Bip001 L UpperArm/Bip001 L Forearm","Bip001/Bip001 Pelvis/Bip001 Spine/Bip001 L Thigh/Bip001 L Calf/Bip001 L HorseLink","Bip001/Bip001 Pelvis/Bip001 Spine/Bip001 Spine1/Bip001 Neck/Bip001 L Clavicle/Bip001 L UpperArm/Bip001 L Forearm/Bip001 L Hand","Bip001/Bip001 Pelvis/Bip001 Spine/Bip001 L Thigh/Bip001 L Calf/Bip001 L HorseLink/Bip001 L Foot/Bip001 L Toe0","Bip001/Bip001 Pelvis/Bip001 Spine/Bip001 Spine1/Bip001 Neck/Bip001 L Clavicle/Bip001 L UpperArm/Bip001 L Forearm/Bip001 L Hand/Bip001 L Finger0"],[[[7,5.442478254735761e-7,-0.000001584583174008003,1,0,0.8995522856712341,-0.4368131756782532,-0.0000011817461427199305,0,0.4368131756782532,0.8995522260665894,0.0000011876808230226743,0,-1.746950387954712,-0.5136256217956543,-0.0000015441657978954026,1],[7,-2.3257895520600869e-7,-1.7834923937698477e-7,-1,0,-0.07021944969892502,0.9975315928459167,-1.615774323227015e-7,0,0.9975315928459167,0.07021944969892502,-2.445284223995259e-7,0,-1.2612360715866089,-1.384199619293213,5.413706958279363e-7,1],[7,-2.3257895520600869e-7,-1.7834923937698477e-7,-1,0,-0.07021944969892502,0.9975315928459167,-1.615774323227015e-7,0,0.9975315928459167,0.07021944969892502,-2.445284223995259e-7,0,-1.5229783058166504,-1.3841995000839233,5.72495196138334e-7,1],[7,9.272959005102166e-7,-0.0000017953360611500102,1,0,0.7103723883628845,-0.7038260698318481,-0.0000019223296021664282,0,0.7038261294364929,0.7103723287582397,6.227020890037238e-7,0,-1.605662226676941,0.07784020900726318,1.4565398487320635e-7,1],[7,0.0000013874266642233124,-0.0000028508777631941484,1,0,-0.07701330631971359,-0.9970301389694214,-0.000002735560428845929,0,0.9970300793647766,-0.07701330631971359,-0.000001602861516403209,0,-0.32886698842048645,1.1949005126953125,0.000003285654202045407,1],[7,0.0000013022595339862164,-0.0000023336092453973833,1,0,0.29947546124458313,-0.9541040658950806,-0.000002616500523799914,0,0.9541040658950806,0.29947546124458313,-5.436323249341513e-7,0,-1.1699904203414917,0.8185097575187683,0.000002228634912171401,1],[7,-0.35945287346839905,-0.922171413898468,-0.1428057849407196,0,-0.8826636672019958,0.3856561481952667,-0.26865288615226746,0,0.3028179407119751,0.029481424018740654,-0.9525924324989319,0,0.6629094481468201,-0.5600983500480652,1.004239797592163,1],[7,-9.026151559510254e-8,-2.607060309856024e-7,-1,0,-0.14921309053897858,-0.9888048768043518,2.7125568635710806e-7,0,-0.9888049364089966,0.14921307563781738,5.035029104760724e-8,0,-0.8924678564071655,1.1107505559921265,-2.319243321835529e-7,1],[7,-4.847078827197038e-8,-2.715973721478804e-7,-1,0,0.006914020981639624,-0.9999762177467346,2.712557147788175e-7,0,-0.9999762773513794,-0.006914020981639624,5.03474488766642e-8,0,-1.4085133075714111,0.9020076394081116,-2.31930414429371e-7,1],[7,-9.882550244810773e-8,-2.5758242827578215e-7,-1,0,-0.1817929446697235,-0.9833369255065918,2.712560274176212e-7,0,-0.9833369851112366,0.18179292976856232,5.0352092273442395e-8,0,-0.5936192274093628,1.1396238803863525,-2.3192276898953423e-7,1],[7,-1.4612240306632884e-7,-2.3401399573685921e-7,-1,0,-0.36597275733947754,-0.9306255578994751,2.7125622636958724e-7,0,-0.9306256175041199,0.36597272753715515,5.034248573565492e-8,0,-2.2866177558898926,1.9264681339263916,-2.3194832010631217e-7,1],[7,-1.461223604337647e-7,-2.3401402415856865e-7,-1,0,-0.3659726083278656,-0.9306256175041199,2.7125622636958724e-7,0,-0.9306256771087646,0.3659725785255432,5.034248218294124e-8,0,-2.4328410625457764,1.926467776298523,-2.3195076437332318e-7,1],[7,-1.1522169529598614e-7,-2.506759813059034e-7,-1,0,-0.24482235312461853,-0.9695680141448975,2.7125622636958724e-7,0,-0.9695680737495422,0.24482232332229614,5.034417327465235e-8,0,-2.347222328186035,1.6204752922058105,-2.3194206733023748e-7,1],[7,-1.6689208237608e-8,-2.753841101821308e-7,-1,0,0.12268517166376114,-0.992445707321167,2.7125622636958724e-7,0,-0.9924457669258118,-0.12268516421318054,5.034867101016971e-8,0,-2.202354907989502,0.6809908151626587,-2.3193166498458595e-7,1],[7,-4.106576056983613e-8,-2.728156971443241e-7,-1,0,0.034109942615032196,-0.9994179010391235,2.7125622636958724e-7,0,-0.9994179606437683,-0.034109942615032196,5.034760164335239e-8,0,-2.4807939529418945,0.9047605991363525,-2.3193439346869127e-7,1],[7,-1.833376117588159e-8,-2.752794614480081e-7,-1,0,0.11675573140382767,-0.993160605430603,2.712561695261684e-7,0,-0.9931606650352478,-0.11675572395324707,5.034882732957158e-8,0,-1.9299886226654053,0.6941319108009338,-2.3192829701201845e-7,1],[7,-1.6391278734317893e-7,-2.68232867028928e-7,-1,0,-0.09885092824697495,-0.9951022267341614,2.8312206268310547e-7,0,-0.9951022863388062,0.09885092079639435,1.3659490605277824e-7,0,-0.3588087558746338,1.085939645767212,-2.0427462743555225e-7,1],[7,-4.569563216705319e-8,0.0000017052024077202077,1,0,0.2099064588546753,-0.9777215123176575,0.0000016768047998994007,0,0.9777215123176575,0.2099064588546753,-3.1325538429882727e-7,0,-0.10420680791139603,1.095004677772522,-0.0000016945992911132635,1],[7,0.021020423620939255,-0.015991266816854477,-0.9996511936187744,0,-0.8347561359405518,0.5499890446662903,-0.026351138949394226,0,0.5502185225486755,0.8350188732147217,-0.0017878045327961445,0,0.9877327680587769,-0.49808621406555176,-0.22672931849956512,1],[7,0.021193843334913254,0.015760714188218117,-0.9996511936187744,0,-0.759925901889801,-0.6494752764701843,-0.026351140812039375,0,-0.6496641635894775,0.760219156742096,-0.0017879041843116283,0,0.6131605505943298,0.32819145917892456,-0.22672930359840393,1],[7,-0.02101871930062771,0.015993814915418625,-0.9996511340141296,0,-0.834756076335907,0.5499891042709351,0.026351118460297585,0,0.5502186417579651,0.8350188136100769,0.0017908676527440548,0,0.9877327084541321,-0.49808627367019653,0.2267293781042099,1],[7,-0.021195681765675545,-0.01575852558016777,-0.9996511340141296,0,-0.7599259614944458,-0.6494752764701843,0.026351114735007286,0,-0.649664044380188,0.7602192759513855,0.0017907593864947557,0,0.6131605505943298,0.3281914293766022,0.2267293930053711,1],[7,0.000001383361791340576,-0.0000026989707748725777,1,0,0.0323762521147728,-0.9994757771492004,-0.000002742343667705427,0,0.9994757771492004,0.0323762521147728,-0.000001295253923672135,0,-0.21244652569293976,1.151459813117981,0.000003163387646054616,1],[7,0.35945379734039307,0.9221715331077576,-0.14280307292938232,0,-0.8826636075973511,0.3856562376022339,0.26865288615226746,0,0.3028169274330139,0.029478764161467552,0.9525928497314453,0,0.6629094481468201,-0.56009840965271,-1.0042399168014526,1],[7,-0.12698300182819366,-0.2964661121368408,0.9465638399124146,0,-0.8365504741668701,-0.4807508587837219,-0.2627968192100525,0,0.5329717993736267,-0.8252190947532654,-0.18696162104606628,0,0.3615645468235016,1.080914855003357,0.5718580484390259,1],[7,0.1269845813512802,0.2964637875556946,0.9465643763542175,0,-0.8365504145622253,-0.48075082898139954,0.26279690861701965,0,0.5329714417457581,-0.8252199292182922,0.1869589239358902,0,0.3615645170211792,1.080914855003357,-0.5718581080436707,1],[7,0.10032473504543304,-0.30651551485061646,0.9465638399124146,0,-0.3110118508338928,-0.9133506417274475,-0.2627968192100525,0,0.9450960159301758,-0.26802757382392883,-0.18696162104606628,0,-0.5939101576805115,0.9170692563056946,0.5718579888343811,1],[7,3.9540967833318064e-8,-4.716648902558518e-7,-1,0,-0.9997872114181519,-0.02062945067882538,-2.980236502025946e-8,0,-0.02062945067882538,0.9997872114181519,-4.723802078387962e-7,0,0.0890996977686882,0.16646569967269897,-0.2289528250694275,1],[7,0.02360515668988228,-0.01184801384806633,-0.9996511936187744,0,-0.9217414259910583,0.3869086503982544,-0.026351142674684525,0,0.387085884809494,0.9220419526100159,-0.001787765882909298,0,0.3104100227355957,0.11325354874134064,-0.22672925889492035,1],[7,0.08268515020608902,-0.15991824865341187,0.9836612343788147,0,-0.41681644320487976,-0.9021110534667969,-0.11162327975034714,0,0.9052221775054932,-0.40077659487724304,-0.14124774932861328,0,-0.6140523552894592,1.0746607780456543,0.416111022233963,1],[7,-0.030219975858926773,-0.17676959931850433,0.9837883114814758,0,-0.877128005027771,-0.46727558970451355,-0.11090488731861115,0,0.47930482029914856,-0.8662598133087158,-0.14092853665351868,0,0.053456906229257584,1.3083182573318481,0.4152550995349884,1],[7,1,0,0,0,0,-4.371138828673793e-8,1,0,0,-1,-4.371138828673793e-8,0,1.7736701352077944e-7,-0.12796325981616974,0.023582950234413147,1],[7,3.9540967833318064e-8,-4.716648902558518e-7,-1,0,-0.9997872114181519,-0.02062945067882538,-2.980236502025946e-8,0,-0.02062945067882538,0.9997872114181519,-4.723802078387962e-7,0,0.08909966796636581,0.16646656394004822,0.2289523333311081,1],[7,0.0000013874062005925225,4.2530281518793345e-8,-1,0,-0.020629480481147766,0.9997872114181519,1.3899760453739418e-8,0,0.9997872114181519,0.020629480481147766,0.0000013879882772016572,0,-0.011504503898322582,0.02699810266494751,-0.22895251214504242,1],[7,-0.10032207518815994,0.30651482939720154,0.9465643763542175,0,-0.3110118806362152,-0.9133505821228027,0.26279690861701965,0,0.9450963735580444,-0.2680284082889557,0.18695899844169617,0,-0.5939100980758667,0.917069137096405,-0.5718581080436707,1],[7,-0.02360392175614834,0.011850886046886444,-0.9996511340141296,0,-0.9217413663864136,0.38690871000289917,0.026351116597652435,0,0.38708600401878357,0.9220418334007263,0.0017908889567479491,0,0.3104099929332733,0.11325346678495407,0.22672942280769348,1],[7,-0.08268259465694427,0.1599171906709671,0.9836616516113281,0,-0.4168165624141693,-0.9021109342575073,0.1116233542561531,0,0.905222475528717,-0.40077707171440125,0.1412450075149536,0,-0.6140522956848145,1.0746607780456543,-0.4161111116409302,1],[7,0.0000013874062005925225,-4.489249860739619e-8,-1,0,-0.020629480481147766,0.9997872114181519,-7.350440967002214e-8,0,0.9997872114181519,0.020629480481147766,0.0000013861847492080415,0,-0.011504500173032284,0.026998115703463554,0.22895264625549316,1],[7,0.030221449211239815,0.17676705121994019,0.9837887287139893,0,-0.8771281242370605,-0.4672755002975464,0.11090491712093353,0,0.47930464148521423,-0.8662604093551636,0.14092563092708588,0,0.05345709249377251,1.3083182573318481,-0.41525498032569885,1]],8,8,8,8,8,8,8,8,8,8,8,8,8,8,8,8,8,8,8,8,8,8,8,8,8,8,8,8,8,8,8,8,8,8,8,8,8,8,8]]],0,0,[],[],[]],[[[7,".bin",829613072,[{"primitives":[{"primitiveMode":7,"jointMapIndex":0,"vertexBundelIndices":[0],"indexView":{"offset":75312,"length":8916,"count":4458,"stride":2}},{"primitiveMode":7,"jointMapIndex":1,"vertexBundelIndices":[1],"indexView":{"offset":127140,"length":5124,"count":2562,"stride":2}},{"primitiveMode":7,"jointMapIndex":2,"vertexBundelIndices":[2],"indexView":{"offset":216504,"length":8274,"count":4137,"stride":2}},{"primitiveMode":7,"jointMapIndex":2,"vertexBundelIndices":[3],"indexView":{"offset":277338,"length":4614,"count":2307,"stride":2}}],"vertexBundles":[{"view":{"offset":0,"length":75312,"count":1046,"stride":72},"attributes":[{"name":"a_position","format":32,"isNormalized":false},{"name":"a_normal","format":32,"isNormalized":false},{"name":"a_texCoord","format":21,"isNormalized":false},{"name":"a_tangent","format":44,"isNormalized":false},{"name":"a_joints","format":42,"isNormalized":false},{"name":"a_weights","format":44,"isNormalized":false}]},{"view":{"offset":84228,"length":42912,"count":596,"stride":72},"attributes":[{"name":"a_position","format":32,"isNormalized":false},{"name":"a_normal","format":32,"isNormalized":false},{"name":"a_texCoord","format":21,"isNormalized":false},{"name":"a_tangent","format":44,"isNormalized":false},{"name":"a_joints","format":42,"isNormalized":false},{"name":"a_weights","format":44,"isNormalized":false}]},{"view":{"offset":132264,"length":84240,"count":1170,"stride":72},"attributes":[{"name":"a_position","format":32,"isNormalized":false},{"name":"a_normal","format":32,"isNormalized":false},{"name":"a_texCoord","format":21,"isNormalized":false},{"name":"a_tangent","format":44,"isNormalized":false},{"name":"a_joints","format":42,"isNormalized":false},{"name":"a_weights","format":44,"isNormalized":false}]},{"view":{"offset":224778,"length":52560,"count":730,"stride":72},"attributes":[{"name":"a_position","format":32,"isNormalized":false},{"name":"a_normal","format":32,"isNormalized":false},{"name":"a_texCoord","format":21,"isNormalized":false},{"name":"a_tangent","format":44,"isNormalized":false},{"name":"a_joints","format":42,"isNormalized":false},{"name":"a_weights","format":44,"isNormalized":false}]}],"jointMaps":[[0,1,3,4,5,6,7,8,9,10,11,12,13,14,15,16,17,18,19,20,22,23,24,25,26,27,28,29,36,38],[0,1,3,4,5,6,16,17,18,20,21,22,23,24,25,26,29,30,32,34,35,36,38],[0,1,3,4,5,6,7,8,9,10,11,12,13,14,15,16,17,18,19,20,21,22,23,24,25,29,30,34,36,38]]},"minPosition",8,[1,-0.5243300795555115,-0.04178071767091751,-2.9725584983825684],"maxPosition",8,[1,0.5243300795555115,1.8236842155456543,1.7015178203582764]]],-1],0,0,[],[],[]],[[[3,[{"rasterizerState":{},"depthStencilState":{},"blendState":{"targets":[{}]}},{"rasterizerState":{},"depthStencilState":{},"blendState":{"targets":[{}]}},{"rasterizerState":{},"depthStencilState":{},"blendState":{"targets":[{}]}},{"rasterizerState":{},"depthStencilState":{},"blendState":{"targets":[{}]}}],[{"USE_OUTLINE_PASS":true},{"USE_BASE_COLOR_MAP":true,"BASE_COLOR_MAP_AS_SHADE_MAP_1":true,"BASE_COLOR_MAP_AS_SHADE_MAP_2":true},{},{}],[[[{"lineWidth":30},"baseColor",8,[4,4278190335]],[{"baseStep":1,"baseFeather":0,"shadeStep":0,"shadeFeather":0},"mainColor",8,[4,4294967295],"specular",8,[4,1275068416],"mainTexture",6,0],{},{}],11,11,0,0]]],0,0,[0,0],[1,2],[6,0]],[[[3,[{"rasterizerState":{},"depthStencilState":{},"blendState":{"targets":[{}]}},{"rasterizerState":{},"depthStencilState":{},"blendState":{"targets":[{}]}},{"rasterizerState":{},"depthStencilState":{},"blendState":{"targets":[{}]}},{"rasterizerState":{},"depthStencilState":{},"blendState":{"targets":[{}]}}],[{"USE_OUTLINE_PASS":true},{"USE_BASE_COLOR_MAP":true,"BASE_COLOR_MAP_AS_SHADE_MAP_1":true,"BASE_COLOR_MAP_AS_SHADE_MAP_2":true},{},{}],[[[{"lineWidth":30},"baseColor",8,[4,4278190335]],[{"baseStep":1,"baseFeather":0,"shadeStep":0,"shadeFeather":0},"mainColor",8,[4,4294967295],"specular",8,[4,1275068416],"mainTexture",6,0],{},{}],11,11,0,0]]],0,0,[0,0],[1,2],[7,0]],[[[10,"Dinasor_2"],[11,"Dinasor_2",[-4,-5,-6],[[19,-3,[6,"feHtdppJRPU7XMq7DLRttk"],[12,13,14,15,16],[[20,"Bip001/Bip001 Pelvis/Bone013",-2]],17]],[0,"bb5dzJsqdOd7Jw5jRF+pU9",-1,0],[1,1.25,1.25,1.25]],[12,"Bip001 Pelvis",[-7,-8,-9],[0,"a2UwsuPylFrqdHKvH8413Q",1,0],[3,-0.49999999254917427,-0.49999999254917427,-0.49999930709576956,0.5000007078049009],[1,-89.99991974527727,-89.99991974527727,-0.0000017074910602964197]],[1,"Bip001 Spine",2,[-10,-11,-12],[0,"8e4NWRgz1NC4tc5NWhvF+c",1,0],[1,0.3099643886089325,-0.00019192627223674208,4.301247713556222e-7],[3,-0.0000021338753375692724,-7.526317618135203e-7,0.08942905052700703,0.9959931952160708],[1,-0.00023966497854431248,-0.00006507297017088347,10.261523293607853]],[13,"Bip001 Neck",[-13,-14,-15],[0,"6ePyAVxBRBmIH6zv0HVNwv",1,0],[1,0.4525873363018036,-0.00015789734607096761,-4.3792416914989474e-10],[3,-1.6426609879492435e-13,5.254972734312724e-7,-0.18946395404604116,0.9818876769350777],[1,0.000012291481532710248,0.0000637001013333713,-21.843005660897585]],[16,"Bip001",1,[[[4,"Bip001 Footsteps",-16,[0,"e9nrS7JelOhp5teUtf86Ok",1,0],[1,1.0638318061828613,-7.415647473862919e-8,-0.22839342057704926],[3,-0.4444357199690113,-0.4444363458177875,0.5499783211435265,0.5499791556085615],[1,0,-77.88304798618283,90]],2],4,1],[0,"9fCjvNTZBEEavNocNGTwtV",1,0],[1,-1.7736701352077944e-7,1.0924832820892334,-0.12796325981616974],[3,-0.07463050671220475,-0.0746294114768515,-0.7031573688601659,0.703157488069456],[1,-89.9999988614741,-89.99990961778444,-77.88313052311126]],[17,"Bone014",[[[5,"Bone015",-17,[0,"0f/YLwSwxIbpbBVKKPCynR",1,0],[1,0.09585198014974594,0,0]],-18],4,1],[0,"c98ChfUCBJP5gOsZtdgHG0",1,0],[1,0.04871160164475441,-9.689330937590057e-8,6.085401627053955e-10],[3,1.1912983055219764e-7,-9.037777823938565e-10,-0.04487056322640794,0.9989928090610717],[1,0.000013687994462303915,5.111375289535116e-7,-5.143514744288945]],[1,"Bone013 Socket",1,[-19],[0,"3aZUnn73tHU6N7GHqEtieD",1,0],[1,-1.6920603947996216e-7,1.73251011050708,-0.3193493712500731],[3,-0.5188195209072575,-0.48044319263399793,0.5188199528033686,0.48044407301563374],[1,-179.99962758239295,89.99970831326237,85.60134777724114]],[18,"Gun",7,[[-20,[4,"GunPos",-21,[0,"35CPLYrOtBVrriWtM6M3Qi",1,0],[1,0.482,-1.463,0],[3,0.7071067811865475,0,0,0.7071067811865476],[1,90,0,0]]],1,4],[0,"b6IiG3ytpGZ7Q3nshH5q08",1,0]],[1,"Bip001 Spine1",3,[4],[0,"ecvVaZZmhN4prVAexbCX8L",1,0],[1,0.24499838054180145,-0.0003582727222237736,-9.935349210010713e-10],[3,1.1077713699800532e-14,-1.5173934252844006e-7,0.05470844718474391,0.9985023714576802],[1,9.57003010831594e-7,-0.000017466562396994692,6.2722577382717395]],[1,"Bip001 Neck1",4,[-22],[0,"daCPUHW/9CTr4b+DQOogA7",1,0],[1,0.2134857326745987,-0.00015022339357528836,-4.1692985175423303e-10],[3,4.3499205448978526e-14,6.672155640168066e-7,-0.24055936126785277,0.970634428456954],[1,0.000020799841247838997,0.00008392538511306132,-27.83911331658431]],[1,"Bip001 Head",10,[-23],[0,"70Dajym8VBoImtQoaL2NXc",1,0],[1,0.21356526017189026,-7.751464892180593e-8,-1.4784745964394747e-13],[3,-1.470808157723317e-14,4.5381241527644846e-7,-0.1636192637062085,0.9865235610688842],[1,0.000008990052863930966,0.00005420450165862379,-18.834068161474107]],[2,"Bone011",11,[[5,"Bone012",-24,[0,"47UH0g7NJBz7DuwaqRTijI",1,0],[1,0.26174232363700867,-7.751464892180593e-8,-2.96735773730461e-8]]],[0,"08a+GaFVRC2Z477dzRFKe1",1,0],[1,0.0074903955683112144,0.14109759032726288,-0.0000014727783081980306],[3,0.8801281924014296,0.4747232727764709,-0.0028914883324724517,0.0019541033267866806],[1,179.35484769901043,0.7244350820400558,56.68080378151884]],[1,"Bip001 L Clavicle",4,[-25],[0,"01YRO+LlNChZyxONTeda5m",1,0],[1,-0.11232275515794754,0.02805270627140999,0.13481198251247406],[3,0.6177616087804034,0.4356291569851227,0.5458347769490055,0.3614723067878209],[1,-175.390371214873,-86.08761996857739,68.8816592308922]],[1,"Bip001 L UpperArm",13,[-26],[0,"1dgfnouZBJVa6FoG+G/jfi",1,0],[1,0.11162028461694717,0,-7.751464892180593e-8],[3,-0.664877115639026,-0.034295026159228706,-0.1615819183442031,0.7284597147025185],[1,-86.28244352579678,-15.64836354682914,-10.941572518526929]],[1,"Bip001 L Forearm",14,[-27],[0,"f5emnEa31DZYTBhAegkeOc",1,0],[1,0.2022888958454132,1.5502929784361186e-7,-7.751464892180593e-8],[3,4.550130304584704e-17,1.2509479718391158e-17,-0.3527413611660512,0.9357208622889207],[1,7.16844657239606e-15,4.234263170362406e-15,-41.31016194011558]],[2,"Bip001 L Hand",15,[[4,"Bip001 L Finger0",-28,[0,"00f2X8PA1IP5YAwbbmAzD2",1,0],[1,0.13357511162757874,0,0],[3,-0.00037740295573016514,0.00012686170343334342,0.31860631257649913,0.9478870497372159],[1,-0.05724751269004842,0.03457869090159357,37.15731228703136]]],[0,"93WkMiBA5PRr5aK9KpslGR",1,0],[1,0.13893818855285645,-7.751464892180593e-8,-3.8757324460902964e-8],[3,-0.08098076316983703,0.004686597288156583,0.057025984162383345,0.9950719516359614],[1,-9.365694788125296,1.0704681268297376,6.472762124156991]],[1,"Bip001 R Clavicle",4,[-29],[0,"635AsV9ndOspeWv4RgBSCY",1,0],[1,-0.1123228371143341,0.02805348113179207,-0.13481181859970093],[3,0.6177606406768603,0.4356306369260713,-0.5458335721069079,-0.3614739970771253],[1,175.3904374182036,86.08755655005338,68.88197079845374]],[1,"Bip001 R UpperArm",17,[-30],[0,"67RdEt38tHiacXagt7qfHY",1,0],[1,0.11162028461694717,0,1.4438228480854245e-16],[3,0.6648771198600795,0.03429498167347107,-0.1615818895677031,0.728459719327234],[1,86.28244308110577,15.648357460166768,-10.941573594337306]],[1,"Bip001 R Forearm",18,[-31],[0,"d5zGi4SJtFPY1zF0RF7Xad",1,0],[1,0.20228882133960724,1.5502929784361186e-7,7.751464892180593e-8],[3,3.0866737276474326e-17,3.1951939500455623e-18,-0.3527413872601755,0.9357208524521439],[1,4.578146836296277e-15,2.11713153239143e-15,-41.3101651356908]],[2,"Bip001 R Hand",19,[[4,"Bip001 R Finger0",-32,[0,"430qtUDRNClqTbA1FZZeiR",1,0],[1,0.1335751861333847,0,-7.219114240427122e-17],[3,0.00037740711399396446,-0.0001268563907797179,0.3186063393533018,0.947887040735981],[1,0.057247838496107054,-0.034578160102938314,37.1573155242893]]],[0,"42KEdMAD9I65TCGizd3Spf",1,0],[1,0.13893814384937286,-7.751464892180593e-8,0],[3,0.08098077078100298,-0.004686589381208198,0.057025939571982334,0.9950719536091946],[1,9.365695520712515,-1.0704668432280617,6.472757089743791]],[1,"Bip001 L Thigh",3,[-33],[0,"99ITDkTZZCCYq75zI0BBpm",1,0],[1,-0.30497220158576965,0.05540561303496361,0.25537779927253723],[3,0.8725280761861431,0.4883854687293762,-0.0052650277503695775,0.01211072597672478],[1,177.1219224018498,2.301661396706331,58.44437936788446]],[1,"Bip001 L Calf",21,[-34],[0,"7fl3HX4WNJTqDx397GBB5x",1,0],[1,0.5023611187934875,7.219114240427122e-17,0],[3,2.4897598658554984e-18,-2.822374358547087e-18,-0.6011068793938859,0.7991686427440359],[1,1.211397601425661e-16,-3.135787883907569e-16,-73.89842648511384]],[1,"Bip001 L HorseLink",22,[-35],[0,"61YrE49s5JgZA7VoLfx9nj",1,0],[1,0.5748059153556824,1.4438228480854245e-16,3.609557120213561e-17],[3,7.652073863973832e-10,-3.904331912465574e-9,0.5246524735036309,0.8513164993388309],[1,6.88307473391433e-7,-9.497357326902777e-7,63.28970177443955]],[2,"Bip001 L Foot",23,[[4,"Bip001 L Toe0",-36,[0,"78PmX9w5dAfo97Od1CWqpY",1,0],[1,0.11609779298305511,0.17797063291072845,0],[3,1.5454317201769425e-8,1.5454302990914468e-8,0.7071067811865474,0.7071067811865474],[1,0,0.0000025044793077276804,90]]],[0,"10790yLnJIkLx4G9SMtKuK",1,0],[1,0.1560194343328476,-3.8757324460902964e-8,3.609557120213561e-17],[3,0.0033468884162683172,0.012775958774545215,-0.2075014156419769,0.9781455595778655],[1,0.7428797433580412,1.6541704710023026,-23.94425661454564]],[1,"Bip001 R Thigh",3,[-37],[0,"6deAYLiL5GZJ7B7KsZSRho",1,0],[1,-0.30497220158576965,0.0554070845246315,-0.25537747144699097],[3,0.8725280573778916,0.48838542839939697,0.00526645069773978,-0.012113088480986373],[1,-177.12131952300055,-2.30218513999465,58.44436315339721]],[1,"Bip001 R Calf",25,[-38],[0,"0cuBU3WZVCF5N4ltXy4+RT",1,0],[1,0.5023611783981323,3.8757324460902964e-8,-1.9378662230451482e-8],[3,1.3064444007039783e-18,3.901322068137573e-18,-0.6011068793938859,0.7991686427440359],[1,1.4003391930061337e-15,1.6126910285501857e-15,-73.89842648511384]],[1,"Bip001 R HorseLink",26,[-39],[0,"01yEWrXxZMiKI14Drc7Ed3",1,0],[1,0.5748058557510376,7.751464892180593e-8,-1.9378662230451482e-8],[3,-3.687822331858256e-10,4.148642832490877e-9,0.5246524303057722,0.8513165259609653],[1,-6.349465224841471e-7,9.49735687605379e-7,63.28969595978675]],[2,"Bip001 R Foot",27,[[4,"Bip001 R Toe0",-40,[0,"05rARFVgxAspg1FETftXXG",1,0],[1,0.11609777808189392,0.17797063291072845,3.609557120213561e-17],[3,-1.5454302990914468e-8,-1.5454318978126294e-8,0.7071067811865474,0.7071067811865474],[1,0,-0.0000025044770047600553,90]]],[0,"a5+OjLSTVJiqk7UqgleQRf",1,0],[1,0.1560194492340088,-5.8135988467711286e-8,0],[3,-0.003346799496733222,-0.012775956995013934,-0.20750138718955283,0.9781455659411852],[1,-0.7428687296741644,-1.6541678957545989,-23.944253433831108]],[1,"Bone001",2,[-41],[0,"edjG9kCjxC0ozoX0fekNiq",1,0],[1,-0.33887404203414917,-0.024343397468328476,2.325440959793923e-7],[3,-0.05550658636506905,0.998220491399146,-0.0013338239936922177,-0.02175063986411122],[1,0.2927220558621894,-177.4872514327456,-6.358989765084139]],[1,"Bone002",29,[-42],[0,"372A18b11KUKeg/GEqBH6y",1,0],[1,0.32811257243156433,-7.751464892180593e-8,-2.3012161065594228e-8],[3,-0.0009591709480522752,0.021735964887235407,0.043484331266184936,0.9988171708355068],[1,-0.21891908062885496,2.5028359113709913,4.98092575996886]],[1,"Bone003",30,[-43],[0,"9d6KgphItEQYPZBLjuvkUa",1,0],[1,0.2616725564002991,0,-4.8446655576128705e-9],[3,0.00033932868449540357,0.02174367349557378,-0.014887587868829917,0.999652668303551],[1,0.07599888998917385,2.493244938327032,-1.7048054145090068]],[1,"Bone004",31,[-44],[0,"14F9GBSdhOjppFOSJAnm29",1,0],[1,0.3580355942249298,-7.751464892180593e-8,-1.4533997116927821e-8],[3,0.0017272844179765962,0.021671522660241343,-0.07634110837368575,0.9968447204888047],[1,0.39145020570016903,2.5207909395496024,-8.750128098549277]],[1,"Bone005",32,[-45],[0,"d3PJmDQFZJy6HkE9az+hpd",1,0],[1,0.43351230025291443,-1.5502929784361186e-7,-3.609557120213561e-17],[3,0.0011283714816951297,0.021662336341771334,-0.05195140585747675,0.9984140030024853],[1,0.25945625004207046,2.499361847094564,-5.951647326860731]],[1,"Bone006",33,[-46],[0,"46A95INWpCm7gh0vKBFfFJ",1,0],[1,0.26825928688049316,1.5502929784361186e-7,-5.8135988467711286e-8],[3,-0.000012528819689800394,0.02172762144688323,-0.0006403793781698646,0.999763722198171],[1,0.00015906023929136408,2.4899985714470327,-0.07339594711204521]],[1,"Bone007",34,[-47],[0,"8bJ+aF6QBEOILH//Mcdrj0",1,0],[1,0.34895530343055725,3.100585956872237e-7,-3.8757324460902964e-8],[3,-0.0008106499031917544,0.021721292740751356,0.04667176403719729,0.9986737579059847],[1,-0.20985361208645706,2.5017882731539984,5.346836641107445]],[1,"Bone008",35,[-48],[0,"5f8k5nWd1Gh7i81rkv/qUA",1,0],[1,0.2241610437631607,-0.000008294067811220884,3.8757324460902964e-8],[3,-0.0026475398415850004,0.021561013600014268,0.14052592260514138,0.9898386627634329],[1,-0.6741051416437194,2.591293849996817,16.145754758575453]],[2,"Bone009",36,[[5,"Bone010",-49,[0,"1dN1a1mVBAU4E99awTTRwk",1,0],[1,0.14622271060943604,0,7.751464892180593e-8]]],[0,"96EcUZlY1IVZjJX3WDafOC",1,0],[1,0.16553811728954315,4.650879077416903e-7,7.751464892180593e-8],[3,-0.0007228987571461863,0.021687369935183998,0.06159582774305048,0.9978652661593798],[1,-0.2375399371669879,2.5047661424395162,7.059344739632581]],[1,"Bone013",2,[6],[0,"6ehuNULHJPCr9/4Hs64bi1",1,0],[1,-0.0527774877846241,-0.6659409999847412,0.0000012402344964357326],[3,0.7530935466984344,-0.6579134516942404,5.94301245805434e-7,7.683352185641599e-7],[1,179.99917266373413,-0.0008132025129639673,-82.28186847104536]],[1,"Bone016",6,[-50],[0,"2fDLw+ochCdLCOu6/Ha4W8",1,0],[1,0.06158972904086113,-0.2813550531864166,0.1213860809803009],[3,0.4952758590494629,0.5046799819545673,-0.49819150967907816,0.5018019120537853],[1,89.25432673168973,90.33193515898725,-0.004313285679491289]],[2,"Bone017",39,[[5,"Bone018",-51,[0,"b77xcntAlOgq0PPqjrmrKv",1,0],[1,0.568295955657959,-2.887645696170849e-16,4.406197656510695e-21]]],[0,"abp/Z8K39K6acN5YAeUUrj",1,0],[1,0.11915933340787888,0.38468366861343384,-0.2058287411928177],[3,0.0037682333055529898,-0.7070968068539584,0.0003217627198588409,0.7071066416202315],[1,0.3314114703432102,-89.99839544636153,-0.2792590369509604]],[14,"DracorexRnd6_body",1,[[21,1,0,-52,[6,"662y5KAcBAHJV3xMmG3rzn"],[0,1,2,3],[8],1,4,5]],[0,"79YhcH/WVNSJJklGp0t0BF",1,0]],[15,"DracorexMosquitoWpn_lever_0",8,[[22,-53,[6,"a4dNlVX7lE76ByKNb4ITt7"],[6,7,8,9,10],[8],11]],[0,"82bAi0vI9Hi6ytc4HQ5xsj",1,0],[3,0.49999999999999994,0.49999999999999994,-0.5,0.5],[1,90,90,-6.3611093629270335e-15]]],0,[0,5,1,0,6,7,0,3,1,0,-1,5,0,-2,41,0,-3,7,0,-1,3,0,-2,29,0,-3,38,0,-1,9,0,-2,21,0,-3,25,0,-1,10,0,-2,13,0,-3,17,0,0,5,0,0,6,0,-2,39,0,-1,8,0,-1,42,0,0,8,0,-1,11,0,-1,12,0,0,12,0,-1,14,0,-1,15,0,-1,16,0,0,16,0,-1,18,0,-1,19,0,-1,20,0,0,20,0,-1,22,0,-1,23,0,-1,24,0,0,24,0,-1,26,0,-1,27,0,-1,28,0,0,28,0,-1,30,0,-1,31,0,-1,32,0,-1,33,0,-1,34,0,-1,35,0,-1,36,0,-1,37,0,0,37,0,-1,40,0,0,40,0,3,41,0,3,42,0,7,1,2,0,5,4,0,9,6,0,38,53],[0,0,0,0,0,0,0,0,0,0,0,0,0,0,0,0,0,0],[-1,-2,-3,-4,4,8,-1,-2,-3,-4,-5,4,-1,-2,-3,-4,-5,9],[1,1,1,1,8,9,10,11,12,13,14,15,16,2,17,18,19,2]],[[[3,[{"rasterizerState":{},"depthStencilState":{},"blendState":{"targets":[{}]}},{"rasterizerState":{},"depthStencilState":{},"blendState":{"targets":[{}]}},{"rasterizerState":{},"depthStencilState":{},"blendState":{"targets":[{}]}},{"rasterizerState":{},"depthStencilState":{},"blendState":{"targets":[{}]}}],[{"USE_OUTLINE_PASS":true},{"USE_BASE_COLOR_MAP":true,"BASE_COLOR_MAP_AS_SHADE_MAP_1":true,"BASE_COLOR_MAP_AS_SHADE_MAP_2":true},{},{}],[[[{"lineWidth":30},"baseColor",8,[4,4278190335]],[{"baseStep":1,"baseFeather":0,"shadeStep":0,"shadeFeather":0},"mainColor",8,[4,4294967295],"specular",8,[4,1275068416],"mainTexture",6,0],{},{}],11,11,0,0]]],0,0,[0,0],[1,2],[20,0]]]]
