[1,["a7YStUNeNCOKGpSntUY1g5","27gM9MxfFNCp69cp1fl5Tm@1f586","27gM9MxfFNCp69cp1fl5Tm@7e073","27gM9MxfFNCp69cp1fl5Tm@b7689","27gM9MxfFNCp69cp1fl5Tm@8a08e","27gM9MxfFNCp69cp1fl5Tm@3306f","27gM9MxfFNCp69cp1fl5Tm@cf5ee","27gM9MxfFNCp69cp1fl5Tm@c1af6","27gM9MxfFNCp69cp1fl5Tm@25576","27gM9MxfFNCp69cp1fl5Tm@bf216","450MpGoGJN0YEnRQKlD7w8","a4P0VP/XFLpZ3QiYOD0ta4@84825","a3zQCfCrBCDZJ4uf2rk5u8","91Xr6KXHBPi4RX33RG/2od","58fFaPbixN3bGbo6n9Xo8U@197df","61Bpt4gFpIuaf8VRObPIpl@f9941","12Y9dMgWdJKJGmTiZyQR9H@8abdc","89BqVWT61C/rAl0pqWbnI3","c7NpZu12JBmbGn5QA7eCiL@01a55","12Y9dMgWdJKJGmTiZyQR9H@17020","84Y3rHbktNfItIxfJosI+w","15jP/umaVFv5O7PrxQEtnD","69GGZRjOZL7pO/sA4HJFit","20g1ukYUVPvKWKBRznAKo+@f9941","afXhhOZFZMn7/dmAedgwhB","f1eZpNde5N5IGfQZ1ZFUtF","075dxlZBVGm7uzEzkp4SYU","ecJJKvMkFKBo83oBhUIhMV","ffsSwIKgdKELJ/4Hq3Uqu2","38r1sKBoJAxIGV/QlfEhSd@f9941","f1tmlMj8BHm7JboUk4TPsU@f9941","1brw/JvvpFnIvdrxpFCgMZ","12Y9dMgWdJKJGmTiZyQR9H@2e76e","e1fr88FCtI/aEL0pS16mRO","450FtUTWxNdI3YPOhpx8lF","c2oJHk2sBHu4f56pRhcdnE","82dPjoMvNPV7gx/TGl+KWi","b6Z4VPBvFGML5MRnJujYDz","b8RddxQ59Gq67wcGObqqIF","5650oVf3BKRqilCrI8mSRD","36F1tyWStA25xT0ZJI0T6o","0c2GA6nWVHAbe06/EpATrU","a8f4RlmY5Mr6RZSxJjFjH/","7fZFzRLWNFypnm1uzcpnb2","1545Oo5yFHq4JtMD9s62qU@6fdbe","0dYVmKKoFEcJE5EIrQvgqY","1545Oo5yFHq4JtMD9s62qU@614a5","faeX4GCOFLs6Ffj19Yo9vR","f2TbPEkMhBGobGwqtFSRAf","239BgbMUpAYYJC9J2/EnEo","39yVl/CcBLhYTVhfzzjl3d@9b4c1","a3poDwsQBCC7EwSOLfMxNG","6c4S8M/+9OhriUEZ58Zrbe","930f/Fe2FFuZISeITvX4Y+@040a9","a09XUTweFLz7uRHcQPOowC","8foEU4MPhMKJA3CzSwIuux","43C1JXBiBEMKXZlxdUNf+f","5aZTY7IUJNm4Zg6/YFifvy","54TknWPwVPqJqeCR+Y/Czo@f9941","95EkngnxZFbYuFpsqVTaFr@f9941","23M4HcZ3ZOCKDPkmO9k055","ceAHMKOyRAFLsEE2WfIhtq","9a6dTZAgBLVpgwAXkJMTCL@f9941","11vcSwZKhOt6Knn7niM+l3@f9941","58hQxUxTZOWraCDwBxHkzV@f9941","9aUR2ufR1PvZr6Kav40pTX@f9941","19Fc+X1hNKmrQxgDnZRzO0@f9941","a91gvp4MhDML7xRD0mX82+@f9941","ceaF+yL6NIxZQRJrndaUv1","33DeZcQ8tPsLJAfgCijaEG@f9941","19XuKTnqBG9L5mRp3r+Hmn@f9941","8a/54dj/lFfI/kscasGis0@f9941","b84Dl6DEpDaoYp0CroJTFG@f9941","cbb0ddQCRG44AqdnJoshcj@f9941","7bVl3BmtdEbINoqNmfKXii@f9941","05ghUXGG1Oy5KMq9HhStAO@6c48a","ce6BsPIJBBhpdESJDIEZ59@6c48a","9bo4Sj1zBBMoe2i0hRxALW@6c48a","cd/WbV1CxKNqkFyvNZnXCU@6c48a","9cqtU5m0hM+735bZddLqbK@6c48a","078gnxX3lEdKI6ioY4w63Q@6c48a","0c7v5HDuJJz52bMcccG6fm@6c48a","11vcSwZKhOt6Knn7niM+l3@6c48a","20zsFYOoFFpaC9ETZ29d/x@6c48a","e8LcCVlM9J6qY1a9WEdIk4@6c48a","15jn5SMiBM15aUcT4OboJ4@6c48a","19Fc+X1hNKmrQxgDnZRzO0@6c48a","19XuKTnqBG9L5mRp3r+Hmn@6c48a","43NIZcaiJLXJpWHU9aDsvN@6c48a","8bJaqGHmJIbb/de7lTdD36@f9941","c5C4v5qaZMMI3wMaAegceP@a88f7","f4GTG1PCFPaYdHdPI+pkEb@6c48a","15FMKeGBRG7aXGQrpQocII@6c48a","5brxEAN/hF4JaVM0yFPvlr","4fcGWjYM5GGIr+0IxkAOWq","c43klRX+NFibeB/W4TVtv8@aa2fc","c43klRX+NFibeB/W4TVtv8@30732","c43klRX+NFibeB/W4TVtv8@15762","c43klRX+NFibeB/W4TVtv8@f1394","c43klRX+NFibeB/W4TVtv8@517c0","c43klRX+NFibeB/W4TVtv8@75ee4","c43klRX+NFibeB/W4TVtv8@111e3","c43klRX+NFibeB/W4TVtv8@a72ab","c43klRX+NFibeB/W4TVtv8@2ff8a","c43klRX+NFibeB/W4TVtv8@2224c","c43klRX+NFibeB/W4TVtv8@e7a2e","c43klRX+NFibeB/W4TVtv8@62756","38KHQTQ1xI4KMIZKBWRSCJ","94XF+O0WhCnKHqvtmPSYzD@5371d","94XF+O0WhCnKHqvtmPSYzD@438fe","f0Gf2CB/dHdYMP2wwpJ0Fb","94XF+O0WhCnKHqvtmPSYzD@ae37b","e6MUwUn79JL6P8l7QE/VKB","b0lSw+2p1C26TNqXNc6TEP@058cb","b0lSw+2p1C26TNqXNc6TEP@438fe","945KpVLrBHup4aCn7dPtaP","b0lSw+2p1C26TNqXNc6TEP@c2355","beYk5U+IREAZag1dtd1VWG","60845ydDpGq7zIsLZB/072@3ae32","60845ydDpGq7zIsLZB/072@438fe","60845ydDpGq7zIsLZB/072@549d3","2ftVHwoC1Gub28arIa/ZkF","163ss9zsBKI4eqAcUUPS19@23b18","163ss9zsBKI4eqAcUUPS19@438fe","163ss9zsBKI4eqAcUUPS19@ed7d3","e8xOHr36FPB7EMRgrr0VUE","64ZY9SOTlBi7PC4Y+FDNI5@f904d","64ZY9SOTlBi7PC4Y+FDNI5@438fe","64ZY9SOTlBi7PC4Y+FDNI5@93b2e","0388VBGzBKw77aD3hIpBPR","0bG1EfSV1N3rxAuNEyLvcE@242ae","0bG1EfSV1N3rxAuNEyLvcE@438fe","0bG1EfSV1N3rxAuNEyLvcE@0498b","f5JH7dk5dLVqk2S7k9jyvS","b627bTvcZDzIVkXtyaMJ4W@bebe8","b627bTvcZDzIVkXtyaMJ4W@438fe","b627bTvcZDzIVkXtyaMJ4W@af529","dffWGPJUNLSJ56LxG3EXY4","adt2wQPVVCda9TliROCHrd@b4898","adt2wQPVVCda9TliROCHrd@438fe","a8lRjCUelIZ4XSuxYfav2U","adt2wQPVVCda9TliROCHrd@f6aa7","acER4bM8lC/bDkZ6PKdOho","48upR0535HZr7l02xsDCZH@95677","48upR0535HZr7l02xsDCZH@438fe","48upR0535HZr7l02xsDCZH@5b5b7","12vSVbJjlNCpJtrxxl6wKX","91XDrG81hC5oNiTKO81aA4@1d426","91XDrG81hC5oNiTKO81aA4@438fe","91XDrG81hC5oNiTKO81aA4@7ec20","d1gER3lHJLlJkS8Vm+pzmW@f06f0","d1gER3lHJLlJkS8Vm+pzmW@438fe","39BBXZbR9H0abcoteu5LlG","0b+WADfHtFeqReZNI30UY0@64be3","0b+WADfHtFeqReZNI30UY0@438fe","5bHIYyEXtIBoQKC7aSeojX@9ebbc","5bHIYyEXtIBoQKC7aSeojX@438fe","f3aBiUzR5GkZFB9j7LX3vQ","5bHIYyEXtIBoQKC7aSeojX@3f0c5","d8AFyytWZKcqmI7LUH089p","10yG2Fj4xAGpatv6xAAlOe@f25ae","10yG2Fj4xAGpatv6xAAlOe@438fe","055lB+5xdGc63Bo94da9Rd","10yG2Fj4xAGpatv6xAAlOe@c6160","bbUD48RLlK6ppH6b0XWD5I","7dYXiABWJBMacpCEi1ZXLZ@3c70c","7dYXiABWJBMacpCEi1ZXLZ@438fe","804J4saDVFfrZB7lmniklX","7dYXiABWJBMacpCEi1ZXLZ@b16e1","2cjNeEdVlPb7aTPF5rzTd6","8djtKJaGFLPbsInKvymk0S@50909","68BKx0IdJMGraLCRDllLYY@d2bea","efajb89ZdO07CALEiN3Hx5","0fYzrZVNVJ/pqcGR2LqBhh@c3d00","716jBmts9G9LKxqAinwZXw","30YtwfGeJPupnR6Ekifua4@822d3","78izrLvyZO272KCkuWBzEP","26qtBOr9JGzpriiuwIHycT@220fd","b2BylAyjVJfKe1OQSG9kni@0d475","c8yL+rodtOUpfpvcBNos/I@eba6d","45ysjm215Lt5qExChR4/nr","12Y9dMgWdJKJGmTiZyQR9H@801ec","1cHmnlDd9H8Z55JmWY4Ge4@40ebd","caHQqumoJLVYzskwY9p3j6@46866","3aRxwpyxlPV6xHnCD0RXtJ@6bf09","da0d0vYb5OvY1BAG8woukX@afd84","83UWKy6/hApbV5GVPnF/kv","ddWqtU2uJJkoYtK63PBFRQ@49ae0","371O5Qn11Ji4kMrHxA0k3+","9dJKYnN0tCN7qOZ3b8xusB","82hq7jZEVPrZtSmG+R3eBT@db380","1fsvjX7wJICq6f+rN0shRV","d049OqV/VHh7hEc7U6lIuG","dfpS9bkw5Ml44JnpUrjfKm","aeUOSq/lhB+KQvYGpROw1H","c0S3MC5MhMRLrjuc7NWQDr","26M3rOrvND4rA5vdYElSjl","f4T3B1t9lFXZIv6KUubYUb@79d90","8dbDSR6flIbq9c+QBocj+k@c049c","25OxqjQgxOKpvgAkj3XNfU","db6qc1e7hIfaR6aG8+rbmi@13413","bbgkN+p4ZJ75JvxImUW/tH@4462f","b9anohtzBLeZYL/unBijcR@57363","20fCIRTg5PH4m3/uYJbQn9@b454c","27ZG2FCgNE/4AjvlwAg0qD@77f90","55rHEId3FKs41Lh/nTV2oF@c7f22","6fjSFX7F5A3bcP6tb+s7eP@7662d","9aFIojGWFBfq7zeBzoK7NK@e0343","7dj5uJT9FMn6OrOOx83tfK@f9941","a68rOtn6VFiKKUqbnjHUq/@f9941","15jn5SMiBM15aUcT4OboJ4@f9941","91SIVdSjpNLL+CdnLHCyXS@f9941","afCFCvuVRGqYfCKqVe0ZkP@f9941","b1li54zNxNx5Gj8HvdVPaD@f9941","d7EzaTiuFGv7fhlcUccyBB@f9941","5dAxZaj8ZI8rqoIC6WI3hE@f9941","bcfbcclQdEw6FvJLqKLC0i@f9941","fauhIAyOJAY4HZofNpyoOg@f9941","ced7oaIJZGv5RqKeBcqSHa@f9941","d23SvarZFLcKABrNXRV8SF@f9941","7a0FPWOu9PzaB4V3npqNU8@f9941","977ln5+55NppsRWHdWlubh@f9941","9cnrQI4F9FC4T4leVq/H0g@f9941","a68YXGepZJfbzWIxex/nZf@f9941","078gnxX3lEdKI6ioY4w63Q@f9941","fb++FexalBr5JAp0/uv+9T@f9941","cbH1e8AEVK1b72Zkoawuvl@f9941","9aR5XAJilMFYJZlfe+Uq8V@f9941","0c7v5HDuJJz52bMcccG6fm@f9941","eaJv4qS0hOt6vBPTf2waj/","ed2aAjegFJe6MNZ+FSXhJ7@f9941","41DgYAzk1L96zvaix5bmCh@f9941","d0MqyYBeFAkIi762QNy1/B@b47c0","6fAc9/gb9Kfr1dCvwZaWSA@b47c0","18YGFDdoRFB6MiQ7XPcUZ3","2dDaUoUzFAi5/rGt8aaa4n@6c48a","10nvFgqrxDvIlTmmo4PHiz@6c48a","33DeZcQ8tPsLJAfgCijaEG@6c48a","f5OrMAeq5C6ovSasKAMpww@6c48a","25z0DHuKhNZbFyuycjpQre@6c48a","b60DwIWMRHU4v6EWKUbsoy@6c48a","41DgYAzk1L96zvaix5bmCh@6c48a","7fhBJJkMRKqbwGU3ml3m84@6c48a","b2G2ByjQVB477Axhzfw98M@6c48a","58hQxUxTZOWraCDwBxHkzV@6c48a","15eHP6QudKip0/fjqVw0NP@6c48a","61Bpt4gFpIuaf8VRObPIpl@6c48a","36fMMn5E9HzawwUVB/apeQ@6c48a","82G1mDnndKU6kH4ffKeLbY@6c48a","d72TZP2X5LMaYRAOolfT//@6c48a","1bqT+j3J1HUIKAra9AkGq5@6c48a","7a0FPWOu9PzaB4V3npqNU8@6c48a","7bVl3BmtdEbINoqNmfKXii@6c48a","97Ko0+gLZDqZ17h3RhTgdX@6c48a","faBG2Tvr5PMZ24vck//DrI@6c48a","8a/54dj/lFfI/kscasGis0@6c48a","8bJaqGHmJIbb/de7lTdD36@6c48a","d2HX0Y+gBOVJvej8rN3oyY@6c48a","977ln5+55NppsRWHdWlubh@6c48a","9aR5XAJilMFYJZlfe+Uq8V@6c48a","9aUR2ufR1PvZr6Kav40pTX@6c48a","9a6dTZAgBLVpgwAXkJMTCL@6c48a","9cnrQI4F9FC4T4leVq/H0g@6c48a","cfyYmfayxNuauHziZZkjwy@6c48a","99+ZmoIGNO/agZmVHvtJ/c@6c48a","f7rntS7CpBnadm4obJHgX5@6c48a","a91gvp4MhDML7xRD0mX82+@6c48a","efWPKwXdlMKJkvPnf+w7XU@6c48a","26TaWg/4NHJKARZ21K3JQ4@6c48a","afCFCvuVRGqYfCKqVe0ZkP@6c48a","b1li54zNxNx5Gj8HvdVPaD@6c48a","af9OpFKv1OQ58MJCg17mfp@6c48a","b84Dl6DEpDaoYp0CroJTFG@6c48a","bcfbcclQdEw6FvJLqKLC0i@6c48a","86IGr9upJJDoTc9l6xJoCT@6c48a","90+Lgdcw9Ed75PvoWUKme0@6c48a","c1Jl9QnQdLVJZC/vMzI8I1@6c48a","28pzoZmJ1JHpWvNlte0TZy@6c48a","cbH1e8AEVK1b72Zkoawuvl@6c48a","cbb0ddQCRG44AqdnJoshcj@6c48a","c1Jl9QnQdLVJZC/vMzI8I1@f9941","ced7oaIJZGv5RqKeBcqSHa@6c48a","d5id1WqhJDxa8v5gO3K89Z@6c48a","d23SvarZFLcKABrNXRV8SF@6c48a","bazRgHexRLoLCS6MPCSshX@6c48a","92AXUW5nRO1IpgMKs7Wg8E@6c48a","bf3OX8Kq1B0aLQa8DExzgu@6c48a","40K7sJKuhCv5XxP2V95YKl@6c48a","cbINqM7PNHrKkdinB5AJzW@6c48a","ed2aAjegFJe6MNZ+FSXhJ7@6c48a","02lqt+WIxCM4EfSmJfCi+v@6c48a","0fzrJKtWlDKZGOOqcxf2kz@6c48a","0bv9jLPe5M1IR8WtkVWx0n@6c48a","57ac/Tml1OGoOq4X27+IhX@6c48a","fauhIAyOJAY4HZofNpyoOg@6c48a","fb++FexalBr5JAp0/uv+9T@6c48a","9egPey1fBAjJxf9pefmRcH@6c48a"],["_parent","node","_mesh","_effectAsset","mainTexture","_spriteFrame","_textureSource","_skeleton","_defaultClip","target","bar","spriteFrame","_font","_target","_normalSprite","_hoverSprite","_pressedSprite","_disabledSprite","Numbers","backNode","drawBtn","toggle","cup","btn","icon","charter","_cameraComponent","enemyItemCD","playerItemCD","timeClip","enemyBar","playerBar","enemyDamage","playerDamge","enemyName","teachLabel","JsonToScene","fxs","scene","winIcon","loseIcon","winBtn","loseBtn","enemyNameJson","_envmapHDR","_envmapLDR","sceneJson"],[["cc.Node",["_name","_layer","_id","_active","_parent","_components","_children","_lpos","_lrot","_euler","_lscale"],-1,1,9,2,5,5,5,5],"cc.SpriteFrame",["cc.Sprite",["_sizeMode","_type","_fillRange","_useGrayscale","_fillType","_fillStart","node","_spriteFrame","_color","_fillCenter"],-3,1,6,5,5],["cc.Widget",["_alignFlags","_top","_bottom","_left","_right","_originalWidth","_originalHeight","_horizontalCenter","node"],-5,1],["cc.Node",["_name","_layer","_active","_components","_lpos","_children","_parent","_lscale"],0,12,5,2,1,5],["cc.Node",["_name","_active","_parent","_lpos","_children","_components","_lrot","_euler","_lscale"],1,1,5,9,2,5,5,5],["cc.SkeletalAnimation",["node","_clips","_sockets","_defaultClip"],3,1,3,9,6],["cc.Label",["_string","_actualFontSize","_fontSize","_overflow","_isBold","_isSystemFontUsed","_cacheMode","_enableWrapText","node","_color","_font"],-5,1,5,6],["cc.UITransform",["node","_contentSize","_anchorPoint"],3,1,5,5],["cc.Button",["_transition","_duration","_zoomScale","node","clickEvents","_normalColor","_target","_normalSprite","_hoverSprite","_pressedSprite","_disabledSprite"],0,1,9,5,1,6,6,6,6],["cc.MeshRenderer",["_name","_enabled","node","_materials","lightmapSettings","_mesh"],1,1,3,4,6],["cc.Material",["_states","_defines","_techIdx","_props"],0,12],["cc.Node",["_name","_id","_children","_lpos","_parent","_components"],1,12,5,1,9],["ec918d8OctOMb4qpuwxR3c2",["camp","node"],2,1],["cc.ClickEvent",["_componentId","handler","customEventData","target"],0,1],["cc.Animation",["playOnLoad","node","_clips","_defaultClip"],2,1,3,6],["cc.Camera",["_orthoHeight","_visibility","_name","_aperture","_projection","_priority","_far","_clearFlags","node","_color"],-5,1,5],["15c1cOMq9hNFYnUkQHabVYz",["_value","_isCenter","_spaceX","node"],0,1],["cc.Mesh",["_native","_hash","_struct"],1,11],["cc.Skeleton",["_name","_hash","_joints","_bindposes"],0,12],["cc.JsonAsset",["_name","json"],1],["cc.EffectAsset",["_name","shaders","techniques"],0],["cc.LabelAtlas",["_name","fontSize","fntConfig"],0],["cc.SceneAsset",["_name"],2],["cc.Node",["_name","_parent","_children","_components","_lpos"],2,1,12,12,5],["d23ed9E065KtaxWeu4tXZQO",["node","Numbers"],3,1,1],["80e55OdRYtLGKa9VvN83FSy",["node","backNode"],3,1,1],["b22b0EjyxxKqpOmQsB29qgg",["node","icon","btn","cup","toggle","drawBtn","winIcon","loseIcon","winBtn","loseBtn"],3,1,1,1,1,1,1,6,6,6,6],["cc.SphereCollider",["_isTrigger","_radius","node"],1,1],["cc.RigidBody",["_group","_type","node"],1,1],["d52b8SR38xEFaD2P0UZuPq+",["node","charter"],3,1,1],["cc.Canvas",["node","_cameraComponent"],3,1,1],["a35efSv1/dFZazbngRQQaOO",["node"],3,1],["2f02cs8OgdC+Jx3WG7MbVSX",["node","LeaderIcons"],3,1,3],["dd1e6Y1kCxEwI2wUgNNVKE5",["node","enemyName","playerDamge","enemyDamage","playerBar","enemyBar","timeClip","playerItemCD","enemyItemCD","enemyNameJson"],3,1,1,1,1,1,1,1,1,1,6],["cc.Layout",["_resizeMode","_layoutType","_spacingX","node"],0,1],["cc.Scene",["_name","autoReleaseAssets","_children","_prefab","_globals"],1,2,4,4],["cc.PrefabInfo",["fileId","targetOverrides"],1],["cc.SceneGlobals",["ambient","shadows","_skybox","fog","octree"],3,4,4,4,4,4],["cc.AmbientInfo",["_skyIllumLDR","_skyColorHDR","_groundAlbedoHDR","_skyColorLDR","_groundAlbedoLDR"],2,5,5,5,5],["cc.ShadowsInfo",["_enabled","_type","_shadowColor","_size"],1,5,5],["cc.SkyboxInfo",["_enabled","_useHDR","_envmapHDR","_envmapLDR"],1,6,6],["cc.FogInfo",[],3],["cc.OctreeInfo",[],3],["cc.SkeletalAnimation.Socket",["path","target"],2,1],["769ffJpOE1PmrUbik/vZYX6",["node"],3,1],["bef7diNtE1G9LMs03e0/hQp",["node","bar"],3,1,1],["b8638Wu30VGiZq+fn+N2GpI",["node"],3,1],["5713f+Y6OtAjYB4FOrUWBIW",["node"],3,1],["5280fgXpVBOwb1DoMDX2LYE",["node"],3,1],["874ba4PWHRJzb4vqIYLZkVQ",["node"],3,1],["6ddc34silNIhrzOiBMx9zCY",["node"],3,1],["f5fe6hD8olEeIWNtLM86RcF",["node"],3,1],["72b7aFv8DFKKaTW53c6uy3R",["node"],3,1],["1433d2u+GlClL5BhO+oJAIY",["node"],3,1],["2bf67dvtMxK2JNL6vcAVlA2",["node"],3,1],["c5ec3WNP8JORJWCvmH1YXib",["node"],3,1],["b474dZrYyVO8qWGXo/ezBOD",["node"],3,1],["fade2cuaCpEg4UnIb7niN/6",["node"],3,1],["215b9goeE1HD7iE06J5+Zxp",["node"],3,1],["8b251GL4uxPI64SVE3LyxrV",["node"],3,1],["6e68bFpp+JCBIKFiUOWtZC/",["node"],3,1],["0759enPgfZE0IQ/txzO4vzI",["node"],3,1],["af697dTF61MXbuyi6oo0oTB",["node"],3,1],["2a42aNSKsVMt59960V/6H07",["node"],3,1],["d59030Cq+lEjK/1xsiW78N2",["node"],3,1],["9c9c5EcvclD6olyMcroCqfD",["node","teachUI"],3,1,1],["69119QstPhOxbARLgmGmk+H",["node","bar"],3,1,1],["e0953Iwqe1Ho46bfJbJ1/ip",["trap_stopTime","aoe_attack","item_max_1","item_max_2","item_max_3","sceneJson","charter_moveAddSpeed_default","ObjName","chicekn_model_name","EnemyLeaderLevelPool","EnemyLeaderPool","chicekn_model_pool_level_enemy","chicekn_model_pool_enemy","chicekn_model_pool_level_player","chicekn_model_pool_player","node","objPrecent_1","objPrecent_2","objPrecent_3","walkRange"],-12,1,4,4,4,5],["ObjPrecent_v2",["foodPrecent","boostPrecent","magnetPrecent","trapPrecent","aoePrecent"],-2],["0ea6eq+vHtCVps0sbom12Cx",["node","JsonToScene","teachLabel"],3,1,1,1],["93462FDhPhLM6PY4MwArJoK",["node","stage","prefabs","fxs"],3,1,1,1,1],["cc.ModelLightmapSettings",[],3],["cc.CapsuleCollider",["_isTrigger","_radius","_cylinderHeight","_direction","node"],-1,1],["cc.ConeCollider",["_radius","_height","_direction","node","_center"],0,1,5],["1c3dfjwmchLR6MHTvf3xOM4",["node","stage","prefab"],3,1,1,1],["cc.DirectionalLight",["_useColorTemperature","_colorTemperature","_illuminanceHDR","_illuminanceLDR","node","_staticSettings"],-1,1,4],["cc.StaticLightSettings",["_baked","_castShadow"],1],["cc.SkinnedMeshRenderer",["node","_materials","lightmapSettings","_skinningRoot","_mesh","_skeleton"],3,1,3,4,1,6,6],["cc.Toggle",["_transition","_isChecked","node","clickEvents","_normalColor","_target","_checkMark"],1,1,9,5,1,1]],[[0,0,4,7,2],[5,0,2,4,3,6,7,2],[0,0,4,6,7,8,9,2],[72,1],[5,0,2,4,3,6,8,7,2],[0,0,4,7,8,9,2],[8,0,1,1],[18,0,1,2,3],[10,2,3,4,5,1],[11,0,1,3,3],[0,0,4,5,2],[29,0,1,2,3],[0,0,4,6,5,7,2],[28,0,1,2,3],[2,6,7,1],[0,0,1,4,5,7,3],[0,0,4,5,7,2],[78,0,1,2,3,4,5,1],[0,0,4,5,10,2],[19,0,1,2,3,4],[0,0,6,7,8,9,2],[0,0,6,8,9,2],[0,0,4,5,8,10,9,2],[5,0,2,4,3,2],[0,0,4,6,2],[10,0,2,3,4,5,2],[2,6,1],[0,0,1,4,6,5,7,3],[44,0,1,2],[0,0,1,4,5,3],[6,0,1,2,3,1],[11,2,0,1,3,4],[73,0,1,2,3,4,5],[0,0,4,5,8,9,2],[0,0,4,6,7,2],[0,0,4,6,8,9,2],[0,0,4,5,7,8,9,2],[0,0,4,5,7,10,2],[4,0,1,6,3,3],[2,1,4,5,2,6,9,5],[15,1,2,3,1],[67,0,1,1],[0,0,1,4,6,5,3],[8,0,1],[3,0,5,6,8,4],[0,0,6,2],[0,0,1,6,5,7,3],[0,0,4,6,5,7,10,2],[7,0,1,2,5,6,8,10,6],[0,0,4,2],[0,0,6,5,7,2],[0,0,4,6,7,10,2],[0,0,4,5,7,8,10,9,2],[4,0,1,6,5,3,4,7,3],[4,0,1,6,3,4,3],[3,0,8,2],[3,0,1,8,3],[2,1,2,6,7,3],[2,6,8,7,1],[14,0,1,3,3],[46,0,1,1],[49,0,1],[69,0,1,2,3,4,6],[21,0,1,2,4],[22,0,1,2,4],[0,0,1,6,5,3],[0,0,6,5,2],[0,0,4,6,5,2],[0,0,1,4,5,7,10,3],[12,0,4,2,5,3,2],[6,0,1,1],[6,0,1,2,1],[8,0,1,2,1],[3,0,2,8,3],[3,0,1,7,8,4],[2,0,6,2],[35,0,1,2,3,4],[15,0,1,2,3,2],[10,0,1,2,3,4,5,3],[74,0,1,2,3,4,4],[7,0,1,2,4,8,5],[17,0,1,3,3],[20,0,1,3],[23,0,2],[0,0,1,2,6,5,7,4],[0,0,2,6,7,3],[0,0,3,1,4,5,7,4],[0,0,3,1,4,6,5,7,4],[0,0,6,5,8,9,2],[0,0,2,4,5,3],[0,0,4,6,10,2],[0,0,5,2],[0,0,3,1,4,5,7,10,4],[0,0,3,4,5,10,3],[0,0,4,6,8,10,9,2],[0,0,2,4,3],[4,0,2,1,5,3,4,4],[4,0,1,5,3,4,7,3],[4,0,2,1,6,5,3,4],[4,0,1,6,5,3,4,3],[4,0,1,3,4,3],[12,0,1,2,3,3],[24,0,1,2,3,4,2],[5,0,2,5,2],[5,0,1,2,5,3,3],[6,0,1,3,1],[3,0,3,4,1,2,8,6],[3,0,3,1,8,4],[3,0,4,1,8,4],[3,0,3,2,8,4],[25,0,1,1],[2,1,6,7,2],[2,1,0,6,7,3],[2,0,3,6,8,7,3],[2,0,6,7,2],[2,1,0,6,3],[26,0,1,1],[27,0,1,2,3,4,5,6,7,8,9,1],[13,1,1],[13,0,1,2],[30,0,1,1],[31,0,1,1],[32,0,1],[9,0,3,4,5,6,7,2],[9,0,3,4,5,6,7,8,9,10,2],[9,0,1,2,3,4,5,6,7,8,9,10,4],[14,0,1,2,3,4],[33,0,1,1],[34,0,1,2,3,4,5,6,7,8,9,1],[36,0,1,2,3,4,3],[37,0,1,3],[38,0,1,2,3,4,1],[39,0,1,2,3,4,2],[40,0,1,2,3,3],[41,0,1,2,3,3],[42,1],[43,1],[45,0,1],[47,0,1],[48,0,1],[50,0,1],[51,0,1],[52,0,1],[53,0,1],[54,0,1],[55,0,1],[56,0,1],[57,0,1],[58,0,1],[59,0,1],[60,0,1],[61,0,1],[62,0,1],[63,0,1],[64,0,1],[65,0,1],[66,0,1,1],[68,0,1,2,3,4,5,6,7,8,9,10,11,12,13,14,15,16,17,18,19,16],[70,0,1,2,1],[71,0,1,2,3,1],[7,0,1,2,3,7,8,9,6],[7,0,1,3,4,8,9,5],[75,0,1,2,1],[76,0,1,2,3,4,5,5],[77,0,1,3],[16,2,0,3,1,8,9,5],[16,4,5,0,6,7,1,8,9,7],[79,0,1,2,3,4,5,6,3],[17,0,2,1,3,4]],[[[[9,[{"rasterizerState":{},"depthStencilState":{},"blendState":{"targets":[{}]}},{"rasterizerState":{},"depthStencilState":{},"blendState":{"targets":[{}]}},{"rasterizerState":{},"depthStencilState":{},"blendState":{"targets":[{}]}},{"rasterizerState":{},"depthStencilState":{},"blendState":{"targets":[{}]}}],[{"USE_OUTLINE_PASS":true,"USE_INSTANCING":true},{"USE_INSTANCING":true,"USE_BASE_COLOR_MAP":true,"BASE_COLOR_MAP_AS_SHADE_MAP_1":true,"BASE_COLOR_MAP_AS_SHADE_MAP_2":true},{},{}],[[{"lineWidth":20},[{"baseStep":0.63,"shadeStep":0.4,"shadowCover":0.47},"mainColor",8,[4,4294967295],"shadeColor1",8,[4,4293388263],"shadeColor2",8,[4,4289045925],"specular",8,[4,4278190080],"emissive",8,[4,0],"mainTexture",6,0],{},{}],0,11,0,0]]],0,0,[0,0],[4,3],[78,0]],[[[9,[{"rasterizerState":{},"depthStencilState":{},"blendState":{"targets":[{}]}},{"rasterizerState":{},"depthStencilState":{},"blendState":{"targets":[{}]}},{"rasterizerState":{},"depthStencilState":{},"blendState":{"targets":[{}]}},{"rasterizerState":{},"depthStencilState":{},"blendState":{"targets":[{}]}}],[{"USE_OUTLINE_PASS":true,"USE_INSTANCING":true},{"USE_INSTANCING":true,"USE_BASE_COLOR_MAP":true,"BASE_COLOR_MAP_AS_SHADE_MAP_1":true,"BASE_COLOR_MAP_AS_SHADE_MAP_2":true},{},{}],[[{"lineWidth":20},[{"baseStep":0.63,"shadeStep":0.4,"shadowCover":0.47},"mainColor",8,[4,4294967295],"shadeColor1",8,[4,4293388263],"shadeColor2",8,[4,4289045925],"specular",8,[4,4278190080],"emissive",8,[4,0],"mainTexture",6,0],{},{}],0,11,0,0]]],0,0,[0,0],[4,3],[79,0]],[[{"name":"yxjm_xt_jdt02","rect":{"x":2,"y":2,"width":66,"height":12},"offset":{"x":0,"y":0},"originalSize":{"width":70,"height":16},"rotated":false,"capInsets":[0,0,0,0],"packable":true}],[1],0,[0],[6],[80]],[[[7,".bin",799261198,[{"primitives":[{"primitiveMode":7,"vertexBundelIndices":[0],"indexView":{"offset":6240,"length":2304,"count":576,"stride":4}}],"vertexBundles":[{"view":{"offset":0,"length":6240,"count":130,"stride":48},"attributes":[{"name":"a_position","format":32,"isNormalized":false},{"name":"a_normal","format":32,"isNormalized":false},{"name":"a_texCoord","format":21,"isNormalized":false},{"name":"a_tangent","format":44,"isNormalized":false}]}]},"minPosition",8,[1,-0.17136573791503906,-0.17136570811271667,-0.31185582280158997],"maxPosition",8,[1,0.17136573791503906,0.17136575281620026,0.6932311058044434]]],-1],0,0,[],[],[]],[[[7,".bin",458370773,[{"primitives":[{"primitiveMode":7,"jointMapIndex":0,"vertexBundelIndices":[0],"indexView":{"offset":93024,"length":22656,"count":5664,"stride":4}}],"vertexBundles":[{"view":{"offset":0,"length":93024,"count":1292,"stride":72},"attributes":[{"name":"a_position","format":32,"isNormalized":false},{"name":"a_normal","format":32,"isNormalized":false},{"name":"a_texCoord","format":21,"isNormalized":false},{"name":"a_tangent","format":44,"isNormalized":false},{"name":"a_joints","format":42,"isNormalized":false},{"name":"a_weights","format":44,"isNormalized":false}]}],"jointMaps":[[0,1,2,3,4,5,6,7,8,9,10,11,12,13,14,15,16,17,18,19,20,21]]},"minPosition",8,[1,-1.0222285985946655,0.0008443658007308841,-1.13800847530365],"maxPosition",8,[1,1.0222285985946655,2.420870065689087,0.9337276220321655]]],-1],0,0,[],[],[]],[[[19,"Skin-0",3484414380,["Bip001/Bip001 Pelvis","Bip001/Bip001 Pelvis/Bip001 L Thigh/Bip001 L Calf/Bip001 L Foot","Bip001/Bip001 Pelvis/Bip001 Spine","Bip001/Bip001 Pelvis/Bip001 L Thigh","Bip001/Bip001 Pelvis/Bip001 L Thigh/Bip001 L Calf","Bip001/Bip001 Pelvis/Bip001 Spine/Bone017","Bip001/Bip001 Pelvis/Bip001 Spine/Bone017/Bone018","Bip001/Bip001 Pelvis/Bip001 Spine/Bone008","Bip001/Bip001 Pelvis/Bip001 Spine/Bone008/Bone009","Bip001/Bip001 Pelvis/Bip001 R Thigh/Bip001 R Calf/Bip001 R Foot","Bip001/Bip001 Pelvis/Bip001 R Thigh","Bip001/Bip001 Pelvis/Bip001 R Thigh/Bip001 R Calf","Bip001/Bip001 Pelvis/Bip001 Spine/Bone102","Bip001/Bip001 Pelvis/Bip001 Spine/Bone104","Bip001/Bip001 Pelvis/Bip001 Spine/Bip001 L Clavicle/Bip001 L UpperArm","Bip001/Bip001 Pelvis/Bip001 Spine/Bip001 L Clavicle/Bip001 L UpperArm/Bip001 L Forearm","Bip001/Bip001 Pelvis/Bip001 Spine/Bip001 L Clavicle/Bip001 L UpperArm/Bip001 L Forearm/Bip001 L Hand","Bip001/Bip001 Pelvis/Bip001 Spine/Bip001 R Clavicle/Bip001 R UpperArm/Bip001 R Forearm","Bip001/Bip001 Pelvis/Bip001 Spine/Bip001 R Clavicle/Bip001 R UpperArm","Bip001/Bip001 Pelvis/Bip001 Spine/Bip001 R Clavicle/Bip001 R UpperArm/Bip001 R Forearm/Bip001 R Hand","Bip001/Bip001 Pelvis/Bip001 Spine/Bone094","Bip001/Bip001 Pelvis/Bip001 Spine/Bone098"],[[[7,0.0000013868000223737909,0.0000027577070795814507,1,0,1,1.6291687643388286e-7,-0.0000013868005908079795,0,-1.6292068494294654e-7,1,-0.0000027577068522077752,0,-0.5538838505744934,2.7997226759168825e-9,7.681261990910571e-7,1],[7,4.371138828673793e-8,0.000001370906943520822,-1,0,-1,1.629207559972201e-7,-4.371116801848984e-8,0,1.6292068494294654e-7,1,0.000001370906943520822,0,0.11363556236028671,-0.0017899028025567532,0.2409680336713791,1],[7,1.0916177961561857e-9,-0.0000014026936696609482,1,0,0.9999996423721313,-0.0007961550145410001,-2.2083790351956623e-9,0,0.0007961550145410001,0.9999997019767761,0.0000014026923054188956,0,-0.8954627513885498,0.0010009447578340769,2.776216589950309e-9,1],[7,-7.475210850316216e-8,0.0000013716075955017004,-1,0,-0.9999623894691467,0.00867993850260973,8.665476514124748e-8,0,0.008679939433932304,0.999962329864502,0.0000013709071708944975,0,0.5538630485534668,-0.004807609599083662,0.2409680187702179,1],[7,-9.856508143002429e-8,0.0000013701026091439417,-1,0,-0.9999622106552124,-0.008690301328897476,8.665476514124748e-8,0,-0.008690300397574902,0.9999622702598572,0.0000013709075119550107,0,0.23060084879398346,-0.0008022890542633832,0.2409680038690567,1],[7,9.136626033523498e-8,2.940556687036633e-9,-1,0,0.9149177670478821,-0.4036404490470886,8.240567694883794e-8,0,-0.4036404490470886,-0.9149177670478821,-3.9569481913304116e-8,0,-1.6701561212539673,0.744115948677063,-2.7770067845267477e-7,1],[7,1.886903078229807e-9,6.792306095348977e-8,-1,0,0.7883754372596741,-0.6151944994926453,-4.0298303360941645e-8,0,-0.6151944994926453,-0.7883754372596741,-5.470968034160251e-8,0,-1.638730764389038,1.1808820962905884,-4.385906393622463e-8,1],[7,1.1752034900780473e-8,-8.916826743643469e-8,-1,0,-0.1696649193763733,-0.9855018258094788,8.588157385247541e-8,0,-0.985501766204834,0.1696649193763733,-2.6710377909466843e-8,0,-0.5040633678436279,0.8067043423652649,-2.474986260381229e-8,1],[7,4.698937061675679e-8,-8.850243915503597e-8,-1,0,-0.12223055958747864,-0.9925017356872559,8.209529056557585e-8,0,-0.9925016760826111,0.12223056703805923,-5.7454737856232896e-8,0,-0.7630423903465271,0.7710146903991699,-4.14588861019638e-8,1],[7,4.371138828673793e-8,0.000001370906943520822,-1,0,-1,1.629207559972201e-7,-4.371116801848984e-8,0,1.6292068494294654e-7,1,0.000001370906943520822,0,0.1136355772614479,-0.0017899028025567532,-0.24096809327602386,1],[7,-7.475210850316216e-8,0.0000013716075955017004,-1,0,-0.9999623894691467,0.00867993850260973,8.665476514124748e-8,0,0.008679939433932304,0.999962329864502,0.0000013709071708944975,0,0.553862988948822,-0.004807609133422375,-0.24096810817718506,1],[7,-9.856508143002429e-8,0.0000013701026091439417,-1,0,-0.9999622106552124,-0.008690301328897476,8.665476514124748e-8,0,-0.008690300397574902,0.9999622702598572,0.0000013709075119550107,0,0.23060080409049988,-0.0008022895199246705,-0.24096812307834625,1],[7,-0.2897840142250061,0.012416011653840542,-0.9570115208625793,0,0.18880581855773926,0.9810082316398621,-0.044443245977163315,0,0.9382843971252441,-0.19356827437877655,-0.2866247296333313,0,-0.758156955242157,-1.4000619649887085,-0.06784022599458694,1],[7,0.10479870438575745,-0.08366856724023819,-0.9909676313400269,0,0.5965879559516907,0.8025341629981995,-0.004667399916797876,0,0.7956758737564087,-0.5907101631164551,0.13402019441127777,0,-1.2512627840042114,-0.8840190768241882,0.20499907433986664,1],[7,0.8362900018692017,0.08740312606096268,0.5412760972976685,0,-0.539489209651947,-0.044970422983169556,0.8407907485961914,0,0.09782916307449341,-0.9951574206352234,0.009544728323817253,0,0.155292809009552,0.0030053826048970222,-1.2781851291656494,1],[7,0.8347641825675964,0.10094060748815536,0.5412760972976685,0,-0.5386897921562195,-0.05370492860674858,0.8407908082008362,0,0.11393912136554718,-0.9934419393539429,0.00954472552984953,0,-0.07313786447048187,0.0018206988461315632,-1.2781851291656494,1],[7,0.8347641825675964,-0.5411955714225769,0.10137157887220383,0,-0.5386897921562195,-0.8408332467079163,-0.05303541570901871,0,0.11393912136554718,-0.010335772298276424,-0.9934340715408325,0,-0.3015294671058655,1.2781860828399658,0.0008029163582250476,1],[7,-0.8347638845443726,-0.10094334185123444,0.5412760972976685,0,-0.5386898517608643,-0.05370492488145828,-0.8407907485961914,0,0.11394142359495163,-0.993441641330719,-0.009546221233904362,0,-0.0731377825140953,0.0018206938402727246,1.2781851291656494,1],[7,-0.8362897634506226,-0.08740585297346115,0.5412760376930237,0,-0.539489209651947,-0.044970422983169556,-0.8407907485961914,0,0.09783145040273666,-0.9951571822166443,-0.009546209126710892,0,0.15529277920722961,0.003005384700372815,1.2781850099563599,1],[7,-0.8347638845443726,0.5411955714225769,0.1013743132352829,0,-0.5386898517608643,-0.8408332467079163,0.05303540825843811,0,0.11394142359495163,-0.01033727079629898,0.9934337139129639,0,-0.3015294671058655,1.2781862020492554,-0.0008028924930840731,1],[7,-0.21068164706230164,-1.2377414293496258e-7,-0.9775547385215759,0,0.07822159677743912,0.9967934489250183,-0.01685836911201477,0,0.9744201302528381,-0.08001764118671417,-0.21000608801841736,0,-0.5811437964439392,-1.4263609647750854,-0.11933863908052444,1],[7,0.0794646292924881,-1.9888325653028005e-7,-0.9968376755714417,0,0.07976458221673965,0.9967934489250183,0.006358371581882238,0,0.9936413168907166,-0.08001761138439178,0.0792098343372345,0,-0.5635728240013123,-1.4263609647750854,0.2370016723871231,1]],8,8,8,8,8,8,8,8,8,8,8,8,8,8,8,8,8,8,8,8,8,8]]],0,0,[],[],[]],[[{"name":"yxjm_sj","rect":{"x":0,"y":0,"width":83,"height":85},"offset":{"x":-0.5,"y":0.5},"originalSize":{"width":84,"height":86},"rotated":false,"capInsets":[0,0,0,0],"packable":true}],[1],0,[0],[6],[81]],[[[9,[{"rasterizerState":{},"depthStencilState":{},"blendState":{"targets":[{}]}},{"rasterizerState":{},"depthStencilState":{},"blendState":{"targets":[{}]}},{"rasterizerState":{},"depthStencilState":{},"blendState":{"targets":[{}]}},{"rasterizerState":{},"depthStencilState":{},"blendState":{"targets":[{}]}}],[{"USE_OUTLINE_PASS":true},{},{},{}],[[{"lineWidth":100},[{},"mainColor",8,[4,4286237439],"shadeColor1",8,[4,4278234623],"shadeColor2",8,[4,4281564415],"specular",8,[4,1275068416]],{},{}],0,11,0,0]]],0,0,[0],[3],[0]],[[[7,".bin",1126264176,[{"primitives":[{"primitiveMode":7,"vertexBundelIndices":[0],"indexView":{"offset":9792,"length":3072,"count":768,"stride":4}}],"vertexBundles":[{"view":{"offset":0,"length":9792,"count":204,"stride":48},"attributes":[{"name":"a_position","format":32,"isNormalized":false},{"name":"a_normal","format":32,"isNormalized":false},{"name":"a_texCoord","format":21,"isNormalized":false},{"name":"a_tangent","format":44,"isNormalized":false}]}]},"minPosition",8,[1,-0.7171164155006409,0.01749802567064762,-0.6050205826759338],"maxPosition",8,[1,0.6003825664520264,1.0243277549743652,0.6613336801528931]]],-1],0,0,[],[],[]],[[{"name":"default_toggle_normal","rect":{"x":0,"y":0,"width":28,"height":28},"offset":{"x":0,"y":0},"originalSize":{"width":28,"height":28},"rotated":false,"capInsets":[0,0,0,0],"packable":true}],[1],0,[0],[6],[82]],[[[7,".bin",3429205708,[{"primitives":[{"primitiveMode":7,"vertexBundelIndices":[0],"indexView":{"offset":72464,"length":28560,"count":7140,"stride":4}}],"vertexBundles":[{"view":{"offset":0,"length":72464,"count":1294,"stride":56},"attributes":[{"name":"a_position","format":32,"isNormalized":false},{"name":"a_normal","format":32,"isNormalized":false},{"name":"a_texCoord","format":21,"isNormalized":false},{"name":"a_tangent","format":44,"isNormalized":false},{"name":"a_texCoord1","format":21,"isNormalized":false}]}]},"minPosition",8,[1,-0.49748557806015015,-0.5,-0.4989933371543884],"maxPosition",8,[1,0.49949654936790466,0.5,0.49899348616600037]]],-1],0,0,[],[],[]],[[[7,".bin",3219909449,[{"primitives":[{"primitiveMode":7,"vertexBundelIndices":[0],"indexView":{"offset":6776,"length":2400,"count":600,"stride":4}}],"vertexBundles":[{"view":{"offset":0,"length":6776,"count":121,"stride":56},"attributes":[{"name":"a_position","format":32,"isNormalized":false},{"name":"a_normal","format":32,"isNormalized":false},{"name":"a_texCoord","format":21,"isNormalized":false},{"name":"a_tangent","format":44,"isNormalized":false},{"name":"a_texCoord1","format":21,"isNormalized":false}]}]},"minPosition",8,[1,-5,0,-5],"maxPosition",8,[1,5,0,5]]],-1],0,0,[],[],[]],[[[7,".bin",2864929873,[{"primitives":[{"primitiveMode":7,"vertexBundelIndices":[0],"indexView":{"offset":73976,"length":24576,"count":6144,"stride":4}}],"vertexBundles":[{"view":{"offset":0,"length":73976,"count":1321,"stride":56},"attributes":[{"name":"a_position","format":32,"isNormalized":false},{"name":"a_normal","format":32,"isNormalized":false},{"name":"a_texCoord","format":21,"isNormalized":false},{"name":"a_tangent","format":44,"isNormalized":false},{"name":"a_texCoord1","format":21,"isNormalized":false}]}]},"minPosition",8,[1,-0.5,-1,-0.5],"maxPosition",8,[1,0.5,1,0.5]]],-1],0,0,[],[],[]],[[[7,".bin",850226558,[{"primitives":[{"primitiveMode":7,"vertexBundelIndices":[0],"indexView":{"offset":14560,"length":1536,"count":384,"stride":4}}],"vertexBundles":[{"view":{"offset":0,"length":14560,"count":260,"stride":56},"attributes":[{"name":"a_position","format":32,"isNormalized":false},{"name":"a_normal","format":32,"isNormalized":false},{"name":"a_texCoord","format":21,"isNormalized":false},{"name":"a_tangent","format":44,"isNormalized":false},{"name":"a_texCoord1","format":21,"isNormalized":false}]}]},"minPosition",8,[1,-0.5,-1,-0.5],"maxPosition",8,[1,0.5,1,0.5]]],-1],0,0,[],[],[]],[[[9,[{"rasterizerState":{},"depthStencilState":{},"blendState":{"targets":[{}]}},{"rasterizerState":{},"depthStencilState":{},"blendState":{"targets":[{}]}},{"rasterizerState":{},"depthStencilState":{},"blendState":{"targets":[{}]}},{"rasterizerState":{},"depthStencilState":{},"blendState":{"targets":[{}]}}],[{"USE_OUTLINE_PASS":true,"USE_INSTANCING":true},{"USE_INSTANCING":true,"USE_BASE_COLOR_MAP":true,"BASE_COLOR_MAP_AS_SHADE_MAP_1":true,"BASE_COLOR_MAP_AS_SHADE_MAP_2":true},{},{}],[[{"lineWidth":20},[{"baseStep":0.63,"shadeStep":0.4,"shadowCover":0.47},"mainColor",8,[4,4294967295],"shadeColor1",8,[4,4293388263],"shadeColor2",8,[4,4289045925],"specular",8,[4,4278190080],"emissive",8,[4,0],"mainTexture",6,0],{},{}],0,11,0,0]]],0,0,[0,0],[4,3],[83,0]],[[[31,"1",[{"rasterizerState":{},"depthStencilState":{},"blendState":{"targets":[{}]}}],[{"USE_INSTANCING":true,"USE_TEXTURE":true}],[[[{},"tilingOffset",8,[2,2,1.5,0,0],"mainColor",8,[4,4280286976],"mainTexture",6,0]],11]]],0,0,[0,0],[4,3],[84,12]],[[{"name":"default_toggle_checkmark","rect":{"x":4,"y":5,"width":20,"height":18},"offset":{"x":0,"y":0},"originalSize":{"width":28,"height":28},"rotated":false,"capInsets":[0,0,0,0],"packable":true}],[1],0,[0],[6],[85]],[[[7,".bin",3421164869,[{"primitives":[{"primitiveMode":7,"vertexBundelIndices":[0],"indexView":{"offset":8880,"length":2016,"count":504,"stride":4}}],"vertexBundles":[{"view":{"offset":0,"length":8880,"count":185,"stride":48},"attributes":[{"name":"a_position","format":32,"isNormalized":false},{"name":"a_normal","format":32,"isNormalized":false},{"name":"a_texCoord","format":21,"isNormalized":false},{"name":"a_tangent","format":44,"isNormalized":false}]}]},"minPosition",8,[1,-2.568862199783325,2.3370277881622314,-0.1763947457075119],"maxPosition",8,[1,0.23237456381320953,4.250213623046875,0.1760459840297699]]],-1],0,0,[],[],[]],[[[7,".bin",2569688769,[{"primitives":[{"primitiveMode":7,"vertexBundelIndices":[0],"indexView":{"offset":12144,"length":3840,"count":960,"stride":4}}],"vertexBundles":[{"view":{"offset":0,"length":12144,"count":253,"stride":48},"attributes":[{"name":"a_position","format":32,"isNormalized":false},{"name":"a_normal","format":32,"isNormalized":false},{"name":"a_texCoord","format":21,"isNormalized":false},{"name":"a_tangent","format":44,"isNormalized":false}]}]},"minPosition",8,[1,-2,-2,-2],"maxPosition",8,[1,2,2.7998223304748535,2]]],-1],0,0,[],[],[]],[[[7,".bin",1943001021,[{"primitives":[{"primitiveMode":7,"jointMapIndex":0,"vertexBundelIndices":[0],"indexView":{"offset":108864,"length":24336,"count":6084,"stride":4}}],"vertexBundles":[{"view":{"offset":0,"length":108864,"count":1512,"stride":72},"attributes":[{"name":"a_position","format":32,"isNormalized":false},{"name":"a_normal","format":32,"isNormalized":false},{"name":"a_texCoord","format":21,"isNormalized":false},{"name":"a_tangent","format":44,"isNormalized":false},{"name":"a_joints","format":42,"isNormalized":false},{"name":"a_weights","format":44,"isNormalized":false}]}],"jointMaps":[[0,1,2,3,4,5,6,7,8,9,10,11,12,13,14,15,17,18,19,20,21,22,23,24]]},"minPosition",8,[1,-1.040687084197998,0.0008501769043505192,-1.0596659183502197],"maxPosition",8,[1,1.040687084197998,2.3739562034606934,0.854754626750946]]],-1],0,0,[],[],[]],[[[19,"Skin-0",917459327,["Bip001/Bip001 Pelvis/Bip001 Spine","Bip001/Bip001 Pelvis","Bip001/Bip001 Pelvis/Bip001 Spine/Bone001","Bip001/Bip001 Pelvis/Bip001 Spine/Bip001 L Clavicle/Bip001 L UpperArm","Bip001/Bip001 Pelvis/Bip001 Spine/Bip001 L Clavicle/Bip001 L UpperArm/Bip001 L Forearm","Bip001/Bip001 Pelvis/Bip001 Spine/Bone092","Bip001/Bip001 Pelvis/Bip001 Spine/Bone090","Bip001/Bip001 Pelvis/Bip001 L Thigh/Bip001 L Calf/Bip001 L Foot","Bip001/Bip001 Pelvis/Bip001 L Thigh","Bip001/Bip001 Pelvis/Bip001 L Thigh/Bip001 L Calf","Bip001/Bip001 Pelvis/Bip001 R Thigh/Bip001 R Calf/Bip001 R Foot","Bip001/Bip001 Pelvis/Bip001 R Thigh","Bip001/Bip001 Pelvis/Bip001 R Thigh/Bip001 R Calf","Bip001/Bip001 Pelvis/Bip001 Spine/Bone017","Bip001/Bip001 Pelvis/Bip001 Spine/Bone017/Bone018","Bip001/Bip001 Pelvis/Bip001 Spine/Bone001/Bone002","Bip001/Bip001 Pelvis/Bip001 Spine/Bone001/Bone002/Bone003","Bip001/Bip001 Pelvis/Bip001 Spine/Bip001 R Clavicle/Bip001 R UpperArm","Bip001/Bip001 Pelvis/Bip001 Spine/Bip001 R Clavicle/Bip001 R UpperArm/Bip001 R Forearm","Bip001/Bip001 Pelvis/Bip001 Spine/Bone008","Bip001/Bip001 Pelvis/Bip001 Spine/Bone008/Bone009","Bip001/Bip001 Pelvis/Bip001 Spine/Bip001 L Clavicle/Bip001 L UpperArm/Bip001 L Forearm/Bip001 L Hand","Bip001/Bip001 Pelvis/Bip001 Spine/Bip001 R Clavicle/Bip001 R UpperArm/Bip001 R Forearm/Bip001 R Hand","Bip001/Bip001 Pelvis/Bip001 Spine/Bone086","Bip001/Bip001 Pelvis/Bip001 Spine/Bone082"],[[[7,1.0916177961561857e-9,-0.0000014026936696609482,1,0,0.9999996423721313,-0.0007961550145410001,-2.2083790351956623e-9,0,0.0007961550145410001,0.9999997019767761,0.0000014026923054188956,0,-0.8954627513885498,0.0010009447578340769,2.776216589950309e-9,1],[7,0.0000013868000223737909,0.0000027577070795814507,1,0,1,1.6291687643388286e-7,-0.0000013868005908079795,0,-1.6292068494294654e-7,1,-0.0000027577068522077752,0,-0.5538838505744934,2.7997226759168825e-9,7.681261990910571e-7,1],[7,6.164309240830335e-8,3.3004124588842387e-7,-1,0,-0.9998587965965271,0.016804542392492294,-5.608819719782332e-8,0,0.016804542392492294,0.9998587369918823,3.310305487502774e-7,0,0.7629680633544922,-0.6392551064491272,-2.687237099507911e-7,1],[7,0.8362900018692017,0.08740312606096268,0.5412760972976685,0,-0.539489209651947,-0.044970422983169556,0.8407907485961914,0,0.09782916307449341,-0.9951574206352234,0.009544728323817253,0,0.155292809009552,0.0030053826048970222,-1.2781851291656494,1],[7,0.8347641825675964,0.10094060748815536,0.5412760972976685,0,-0.5386897921562195,-0.05370492860674858,0.8407908082008362,0,0.11393912136554718,-0.9934419393539429,0.00954472552984953,0,-0.07313786447048187,0.0018206988461315632,-1.2781851291656494,1],[7,0.44336792826652527,-0.04747232049703598,-0.895081639289856,0,0.44345682859420776,0.8794377446174622,0.17301836609840393,0,0.7789549827575684,-0.47364091873168945,0.4109663665294647,0,-1.1023812294006348,-1.0232959985733032,-0.21009308099746704,1],[7,-0.4147685766220093,0.011746333912014961,-0.9098511338233948,0,0.41321316361427307,0.8932993412017822,-0.17683646082878113,0,0.8106922507286072,-0.4493086636066437,-0.3753662407398224,0,-1.069737195968628,-1.0743135213851929,0.17273037135601044,1],[7,4.371138828673793e-8,0.000001370906943520822,-1,0,-1,1.629207559972201e-7,-4.371116801848984e-8,0,1.6292068494294654e-7,1,0.000001370906943520822,0,0.11363556236028671,-0.0017899028025567532,0.2409680336713791,1],[7,-7.475210850316216e-8,0.0000013716075955017004,-1,0,-0.9999623894691467,0.00867993850260973,8.665476514124748e-8,0,0.008679939433932304,0.999962329864502,0.0000013709071708944975,0,0.5538630485534668,-0.004807609599083662,0.2409680187702179,1],[7,-9.856508143002429e-8,0.0000013701026091439417,-1,0,-0.9999622106552124,-0.008690301328897476,8.665476514124748e-8,0,-0.008690300397574902,0.9999622702598572,0.0000013709075119550107,0,0.23060084879398346,-0.0008022890542633832,0.2409680038690567,1],[7,4.371138828673793e-8,0.000001370906943520822,-1,0,-1,1.629207559972201e-7,-4.371116801848984e-8,0,1.6292068494294654e-7,1,0.000001370906943520822,0,0.1136355772614479,-0.0017899028025567532,-0.24096809327602386,1],[7,-7.475210850316216e-8,0.0000013716075955017004,-1,0,-0.9999623894691467,0.00867993850260973,8.665476514124748e-8,0,0.008679939433932304,0.999962329864502,0.0000013709071708944975,0,0.553862988948822,-0.004807609133422375,-0.24096810817718506,1],[7,-9.856508143002429e-8,0.0000013701026091439417,-1,0,-0.9999622106552124,-0.008690301328897476,8.665476514124748e-8,0,-0.008690300397574902,0.9999622702598572,0.0000013709075119550107,0,0.23060080409049988,-0.0008022895199246705,-0.24096812307834625,1],[7,9.136626033523498e-8,2.940556687036633e-9,-1,0,0.9149177670478821,-0.4036404490470886,8.240567694883794e-8,0,-0.4036404490470886,-0.9149177670478821,-3.9569481913304116e-8,0,-1.6701561212539673,0.744115948677063,-2.7770067845267477e-7,1],[7,1.886903078229807e-9,6.792306095348977e-8,-1,0,0.7883754372596741,-0.6151944994926453,-4.0298303360941645e-8,0,-0.6151944994926453,-0.7883754372596741,-5.470968034160251e-8,0,-1.638730764389038,1.1808820962905884,-4.385906