[1,["a7YStUNeNCOKGpSntUY1g5","7fbMDNaE9AnooTNiwdHY5q","26Hml2L65HjZRH9kbIln4P@c2696","44YYj5tAZAUKYvpZ4mUkSW@4b8d7","44YYj5tAZAUKYvpZ4mUkSW@442db","56avJ5PbtIFKG39EEon3Cy@bfae8","56avJ5PbtIFKG39EEon3Cy@63b2f","56avJ5PbtIFKG39EEon3Cy@438fe","e21vypSG9B35hn7wmkKdsz","b4YDEqPStCdqMC0/LmE4MO","2bM1gEcR1DAp1JVCKOorJ9","14FfJDy35Kca5PHYrurQEN","44YYj5tAZAUKYvpZ4mUkSW@38c51","26Hml2L65HjZRH9kbIln4P@73d50","26Hml2L65HjZRH9kbIln4P@9292d","26Hml2L65HjZRH9kbIln4P@e82f6","26Hml2L65HjZRH9kbIln4P@79042","44YYj5tAZAUKYvpZ4mUkSW@5ad75","44YYj5tAZAUKYvpZ4mUkSW@778e7"],["_parent","mainTexture","_effectAsset","node","_mesh","root","target","data","_skeleton","_defaultClip"],[["cc.Node",["_name","_prefab","_children","_parent","_lrot","_euler","_lpos","_components","_lscale"],2,4,2,1,5,5,5,9,5],["cc.Material",["_states","_defines","_props"],1,12],["cc.Mesh",["_native","_hash","_struct"],1,11],["cc.Skeleton",["_name","_hash","_joints","_bindposes"],0,12],["cc.EffectAsset",["_name","shaders","techniques"],0],["cc.Prefab",["_name"],2],["cc.Node",["_name","_parent","_children","_prefab","_lpos","_lrot","_euler"],2,1,9,4,5,5,5],["cc.Node",["_name","_children","_prefab","_lpos","_lrot","_euler"],2,12,4,5,5,5],["cc.SkeletalAnimation",["node","__prefab","_clips","_sockets","_defaultClip"],3,1,4,3,9,6],["cc.CompPrefabInfo",["fileId"],2],["cc.SkeletalAnimation.Socket",["path","target"],2,1],["cc.PrefabInfo",["fileId","root","asset"],2,1,1],["cc.SkinnedMeshRenderer",["_shadowCastingMode","_shadowReceivingMode","node","__prefab","_materials","lightmapSettings","_skinningRoot","_mesh","_skeleton"],1,1,4,3,4,1,6,6],["cc.ModelLightmapSettings",[],3],["cc.MeshRenderer",["node","__prefab","_materials","lightmapSettings","_mesh"],3,1,4,3,4,6]],[[11,0,1,2,2],[0,0,3,2,1,6,4,5,2],[6,0,1,2,3,4,5,6,2],[1,0,1,2,3],[0,0,3,1,6,4,5,2],[0,0,3,1,6,2],[9,0,2],[2,0,1,2,3],[0,0,3,7,1,2],[13,1],[3,0,1,2,3,4],[4,0,1,2,4],[5,0,2],[0,0,2,7,1,8,2],[0,0,2,1,4,5,2],[0,0,2,1,6,4,5,2],[0,0,3,2,1,2],[7,0,1,2,3,4,5,2],[8,0,1,2,3,4,1],[10,0,1,2],[12,0,1,2,3,4,5,6,7,8,3],[14,0,1,2,3,4,1]],[[[[3,[{"rasterizerState":{},"depthStencilState":{},"blendState":{"targets":[{}]}},{"rasterizerState":{},"depthStencilState":{},"blendState":{"targets":[{}]}},{"rasterizerState":{},"depthStencilState":{},"blendState":{"targets":[{}]}},{"rasterizerState":{},"depthStencilState":{},"blendState":{"targets":[{}]}}],[{"USE_OUTLINE_PASS":true},{"USE_BASE_COLOR_MAP":true,"BASE_COLOR_MAP_AS_SHADE_MAP_1":true,"BASE_COLOR_MAP_AS_SHADE_MAP_2":true},{},{}],[[[{"lineWidth":30},"baseColor",8,[4,4283651071]],[{"baseStep":1,"baseFeather":0,"shadeStep":0,"shadeFeather":0},"mainColor",8,[4,4294967295],"specular",8,[4,1275068416],"mainTexture",6,0],{},{}],11,11,0,0]]],0,0,[0,0],[1,2],[3,0]],[[[3,[{"rasterizerState":{},"depthStencilState":{},"blendState":{"targets":[{}]}},{"rasterizerState":{},"depthStencilState":{},"blendState":{"targets":[{}]}},{"rasterizerState":{},"depthStencilState":{},"blendState":{"targets":[{}]}},{"rasterizerState":{},"depthStencilState":{},"blendState":{"targets":[{}]}}],[{"USE_OUTLINE_PASS":true},{"USE_BASE_COLOR_MAP":true,"BASE_COLOR_MAP_AS_SHADE_MAP_1":true,"BASE_COLOR_MAP_AS_SHADE_MAP_2":true},{},{}],[[[{"lineWidth":30},"baseColor",8,[4,4283651071]],[{"baseStep":1,"baseFeather":0,"shadeStep":0,"shadeFeather":0},"mainColor",8,[4,4294967295],"specular",8,[4,1275068416],"mainTexture",6,0],{},{}],11,11,0,0]]],0,0,[0,0],[1,2],[4,0]],[[[7,".bin",4011749863,[{"primitives":[{"primitiveMode":7,"vertexBundelIndices":[0],"indexView":{"offset":8832,"length":1200,"count":300,"stride":4}},{"primitiveMode":7,"vertexBundelIndices":[1],"indexView":{"offset":30672,"length":3072,"count":768,"stride":4}},{"primitiveMode":7,"vertexBundelIndices":[2],"indexView":{"offset":54384,"length":3696,"count":924,"stride":4}},{"primitiveMode":7,"vertexBundelIndices":[3],"indexView":{"offset":71136,"length":1752,"count":438,"stride":4}}],"vertexBundles":[{"view":{"offset":0,"length":8832,"count":184,"stride":48},"attributes":[{"name":"a_position","format":32,"isNormalized":false},{"name":"a_normal","format":32,"isNormalized":false},{"name":"a_texCoord","format":21,"isNormalized":false},{"name":"a_tangent","format":44,"isNormalized":false}]},{"view":{"offset":10032,"length":20640,"count":430,"stride":48},"attributes":[{"name":"a_position","format":32,"isNormalized":false},{"name":"a_normal","format":32,"isNormalized":false},{"name":"a_texCoord","format":21,"isNormalized":false},{"name":"a_tangent","format":44,"isNormalized":false}]},{"view":{"offset":33744,"length":20640,"count":430,"stride":48},"attributes":[{"name":"a_position","format":32,"isNormalized":false},{"name":"a_normal","format":32,"isNormalized":false},{"name":"a_texCoord","format":21,"isNormalized":false},{"name":"a_tangent","format":44,"isNormalized":false}]},{"view":{"offset":58080,"length":13056,"count":272,"stride":48},"attributes":[{"name":"a_position","format":32,"isNormalized":false},{"name":"a_normal","format":32,"isNormalized":false},{"name":"a_texCoord","format":21,"isNormalized":false},{"name":"a_tangent","format":44,"isNormalized":false}]}]},"minPosition",8,[1,-0.2711155414581299,-0.2831246554851532,-0.40368130803108215],"maxPosition",8,[1,0.2638051509857178,0.32998913526535034,0.9281432032585144]]],-1],0,0,[],[],[]],[[[10,"Skin-0",2697941805,["Bip001/Bip001 Pelvis/Bip001 Spine/Bip001 Spine1","Bip001/Bip001 Pelvis","Bip001/Bip001 Pelvis/Bone011","Bip001/Bip001 Pelvis/Bip001 Spine","Bip001/Bip001 Pelvis/Bip001 Spine/Bip001 Spine1/Bip001 Neck/Bip001 L Clavicle","Bip001/Bip001 Pelvis/Bip001 Spine/Bip001 Spine1/Bip001 Neck/Bip001 L Clavicle/Bip001 L UpperArm","Bip001/Bip001 Pelvis/Bip001 Spine/Bip001 Spine1/Bip001 Neck/Bip001 Neck1/Bip001 Head","Bip001/Bip001 Pelvis/Bip001 Spine/Bip001 Spine1/Bip001 Neck","Bip001/Bip001 Pelvis/Bip001 Spine/Bip001 Spine1/Bip001 Neck/Bip001 Neck1","Bip001/Bip001 Pelvis/Bip001 Spine/Bip001 L Thigh","Bip001/Bip001 Pelvis/Bip001 Spine/Bip001 Spine1/Bip001 Neck/Bip001 R Clavicle","Bip001/Bip001 Pelvis/Bip001 Spine/Bip001 R Thigh","Bip001/Bip001 Pelvis/Bip001 Spine/Bip001 L Thigh/Bip001 L Calf/Bip001 L HorseLink/Bip001 L Foot","Bip001/Bip001 Pelvis/Bip001 Spine/Bip001 L Thigh/Bip001 L Calf","Bip001/Bip001 Pelvis/Bip001 Spine/Bip001 L Thigh/Bip001 L Calf/Bip001 L HorseLink","Bip001/Bip001 Pelvis/Bip001 Spine/Bip001 L Thigh/Bip001 L Calf/Bip001 L HorseLink/Bip001 L Foot/Bip001 L Toe0","Bip001/Bip001 Pelvis/Bone003/Bone004/Bone005/Bone006/Bone007/Bone008/Bone009","Bip001/Bip001 Pelvis/Bone003/Bone004/Bone005/Bone006/Bone007/Bone008/Bone009/Bone010","Bip001/Bip001 Pelvis/Bone003","Bip001/Bip001 Pelvis/Bone003/Bone004","Bip001/Bip001 Pelvis/Bone003/Bone004/Bone005","Bip001/Bip001 Pelvis/Bone003/Bone004/Bone005/Bone006","Bip001/Bip001 Pelvis/Bone003/Bone004/Bone005/Bone006/Bone007","Bip001/Bip001 Pelvis/Bone003/Bone004/Bone005/Bone006/Bone007/Bone008","Bip001/Bip001 Pelvis/Bip001 Spine/Bip001 Spine1/Bip001 Neck/Bip001 Neck1/Bip001 Head/Bone001","Bip001/Bip001 Pelvis/Bip001 Spine/Bip001 Spine1/Bip001 Neck/Bip001 Neck1/Bip001 Head/Bone001/Bone002","Bip001/Bip001 Pelvis/Bip001 Spine/Bip001 Spine1/Bip001 Neck/Bip001 R Clavicle/Bip001 R UpperArm","Bip001/Bip001 Pelvis/Bip001 Spine/Bip001 Spine1/Bip001 Neck/Bip001 L Clavicle/Bip001 L UpperArm/Bip001 L Forearm/Bip001 L Hand","Bip001/Bip001 Pelvis/Bip001 Spine/Bip001 Spine1/Bip001 Neck/Bip001 L Clavicle/Bip001 L UpperArm/Bip001 L Forearm","Bip001/Bip001 Pelvis/Bip001 Spine/Bip001 Spine1/Bip001 Neck/Bip001 L Clavicle/Bip001 L UpperArm/Bip001 L Forearm/Bip001 L Hand/Bip001 L Finger0","Bip001/Bip001 Pelvis/Bip001 Spine/Bip001 R Thigh/Bip001 R Calf/Bip001 R HorseLink/Bip001 R Foot","Bip001/Bip001 Pelvis/Bip001 Spine/Bip001 R Thigh/Bip001 R Calf","Bip001/Bip001 Pelvis/Bip001 Spine/Bip001 R Thigh/Bip001 R Calf/Bip001 R HorseLink","Bip001/Bip001 Pelvis/Bip001 Spine/Bip001 R Thigh/Bip001 R Calf/Bip001 R HorseLink/Bip001 R Foot/Bip001 R Toe0","Bip001/Bip001 Pelvis/Bip001 Spine/Bip001 Spine1/Bip001 Neck/Bip001 R Clavicle/Bip001 R UpperArm/Bip001 R Forearm/Bip001 R Hand","Bip001/Bip001 Pelvis/Bip001 Spine/Bip001 Spine1/Bip001 Neck/Bip001 R Clavicle/Bip001 R UpperArm/Bip001 R Forearm","Bip001/Bip001 Pelvis/Bip001 Spine/Bip001 Spine1/Bip001 Neck/Bip001 R Clavicle/Bip001 R UpperArm/Bip001 R Forearm/Bip001 R Hand/Bip001 R Finger0"],[[[7,0.0000015171591485341196,-0.000002486790435796138,1,0,0.3168107867240906,-0.948488712310791,-0.0000028393453703756677,0,0.9484887719154358,0.3168107867240906,-6.511662604680168e-7,0,-0.9022083878517151,1.0164589881896973,0.0000030505771064781584,1],[7,2.730653250182513e-7,0.0000011781835382862482,1,0,4.371138828673793e-8,-1,0.0000011781835382862482,0,1,4.371106498979316e-8,-2.730653818616702e-7,0,-8.32758409213992e-15,1.232120156288147,-0.000001482160314481007,1],[7,-7.450579886381092e-8,-0.0000018624418771651108,-1,0,0.999488353729248,-0.03198307752609253,-1.4901070599648847e-8,0,-0.03198307380080223,-0.9994884729385376,0.000001863871943896811,0,-1.486973524093628,0.06001737341284752,2.0224852903538704e-7,1],[7,0.000001536293325443694,-0.0000028260947146918625,1,0,0.10179998725652695,-0.994804859161377,-0.000002967807404274936,0,0.994804859161377,0.10179998725652695,-0.0000012406158020894509,0,-0.4865097105503082,1.188905954360962,0.00000352519646185101,1],[7,0.7206887006759644,0.6780715584754944,0.144314244389534,0,-0.6928093433380127,0.6969492435455322,0.1851399540901184,0,0.024958429858088493,-0.2334105223417282,0.9720578789710999,0,0.8092275857925415,-0.8195103406906128,-1.0156160593032837,1],[7,0.5291043519973755,0.4404623210430145,0.7252871990203857,0,-0.7271696329116821,0.6758848428726196,0.1200169026851654,0,-0.43734773993492126,-0.5909082293510437,0.6779043674468994,0,1.0717170238494873,-0.4549693763256073,-0.8564354777336121,1],[7,0.000002367165734540322,-0.000003142632522212807,1,0,-7.35139522589634e-8,-1,-0.0000031426322948391316,0,1,-7.350651287651999e-8,-0.0000023671659619139973,0,-1.1768510341644287,1.673307180404663,0.0000015530270047747763,1],[7,-0.0000016070144965851796,-0.000007470519904018147,-1,0,0.6081770062446594,0.7938013076782227,-0.000006907459464855492,0,0.7938014268875122,-0.6081769466400146,0.000003267748752477928,0,-1.58816659450531,-0.5957297682762146,0.000008238728696596809,1],[7,0.00003048301368835382,-0.000015761192116769962,-1,0,0.6795036792755127,0.7336718440055847,0.000009149772267846856,0,0.733672022819519,-0.6795035004615784,0.00003307432780275121,0,-1.8185067176818848,-0.4279838502407074,-0.00004774257467943244,1],[7,0.12465985864400864,0.033753521740436554,-0.9916252493858337,0,-0.917113184928894,0.3853091895580292,-0.10217737406492233,0,0.37863343954086304,0.9221699833869934,0.07898838818073273,0,1.0956239700317383,-0.4840529263019562,0.3992942273616791,1],[7,-0.7206889986991882,-0.6780719757080078,0.14431124925613403,0,-0.6928090453147888,0.6969496607780457,-0.185139998793602,0,0.024960581213235855,-0.23340851068496704,-0.9720582962036133,0,0.8092271685600281,-0.8195106983184814,1.0156160593032837,1],[7,-0.12465914338827133,-0.03375039994716644,-0.9916253089904785,0,-0.9171129465103149,0.3853096067905426,0.10217785090208054,0,0.3786342442035675,0.9221699833869934,-0.07898528128862381,0,1.0956237316131592,-0.4840534031391144,-0.39929473400115967,1],[7,-1.9626131120276114e-7,4.4915540797774156e-7,-1,0,-0.9996169805526733,0.02767632156610489,2.086171093651501e-7,0,0.02767632156610489,0.9996169805526733,4.4355152795105823e-7,0,0.16957597434520721,-0.06364338099956512,0.3897121548652649,1],[7,0.049402978271245956,0.11932619661092758,-0.9916252493858337,0,-0.8651986718177795,-0.49090850353240967,-0.10217734426259995,0,-0.4989897608757019,0.8630005717277527,0.07898852229118347,0,0.7621167898178101,0.19556407630443573,0.3992941677570343,1],[7,0.11783674359321594,0.05285687744617462,-0.9916252493858337,0,-0.9661340713500977,0.23694907128810883,-0.10217739641666412,0,0.22956393659114838,0.9700831174850464,0.07898813486099243,0,0.41025179624557495,-0.1183445081114769,0.3992942273616791,1],[7,0.0000015259348629115266,1.227365373779321e-7,-1,0,0.027676202356815338,0.9996169805526733,1.649216017085564e-7,0,0.9996169805526733,-0.027676202356815338,0.0000015219533224808401,0,-0.34595876932144165,0.023406198248267174,0.3897120952606201,1],[7,-1.373995388576077e-7,-7.05169327375188e-8,-1,0,-0.3964378535747528,-0.9180614352226257,1.1920928955078125e-7,0,-0.9180613160133362,0.3964378833770752,9.818566581998311e-8,0,-1.9376405477523804,1.8935402631759644,-1.7707088773022406e-7,1],[7,-1.373995530684624e-7,-7.051691142123673e-8,-1,0,-0.39643800258636475,-0.918061375617981,1.1920928955078125e-7,0,-0.9180612564086914,0.39643803238868713,9.818567292541047e-8,0,-2.1757993698120117,1.8935405015945435,-1.8288103831309854e-7,1],[7,-1.043081283569336e-7,-1.1976408131886274e-7,-1,0,0.005302553065121174,-0.9999859929084778,1.1920928955078125e-7,0,-0.999985933303833,-0.005302553530782461,1.0494171931441088e-7,0,-0.27931123971939087,1.207817792892456,-9.512320531257501e-8,1],[7,-1.0242251136105551e-7,-1.216201894749247e-7,-1,0,0.0232184249907732,-0.9997305274009705,1.1920928955078125e-7,0,-0.9997304677963257,-0.02321842685341835,1.0521872439994695e-7,0,-0.8343978524208069,1.1930594444274902,-1.1186011050767775e-7,1],[7,-1.1621305162634599e-7,-1.0641768710684119e-7,-1,0,-0.11628193408250809,-0.9932159781455994,1.1920928955078125e-7,0,-0.9932159185409546,0.11628194153308868,1.030502687626722e-7,0,-1.169958233833313,1.3693944215774536,-1.3119840502895386e-7,1],[7,-1.2007630800781044e-7,-1.0134227323987943e-7,-1,0,-0.15961816906929016,-0.9871789216995239,1.1920928955078125e-7,0,-0.9871788620948792,0.15961818397045135,1.0236071545932646e-7,0,-1.4372817277908325,1.4336400032043457,-1.4223419952941185e-7,1],[7,-1.2578328778545256e-7,-9.293975011814837e-8,-1,0,-0.22837384045124054,-0.9735735654830933,1.1920928955078125e-7,0,-0.9735734462738037,0.22837387025356293,1.0123427784947125e-7,0,-1.6438854932785034,1.55260169506073,-1.535932057095124e-7,1],[7,-1.333694257255047e-7,-7.941766000385542e-8,-1,0,-0.3321670591831207,-0.9432206749916077,1.1920928955078125e-7,0,-0.9432206153869629,0.3321670889854431,9.941685163994407e-8,0,-1.7827759981155396,1.7553737163543701,-1.6666493252159853e-7,1],[7,-0.0000018812714870364289,0.0000012048564030919806,-1,0,-0.6286786198616028,0.7776652574539185,0.000002119690179824829,0,0.7776651978492737,0.6286786794662476,-7.055320452309388e-7,0,0.024563241750001907,-1.9979678392410278,-0.0000024529883830837207,1],[7,-0.0000018812714870364289,0.0000012048564030919806,-1,0,-0.6286786198616028,0.7776652574539185,0.000002119690179824829,0,0.7776651978492737,0.6286786794662476,-7.055320452309388e-7,0,-0.44129881262779236,-1.997968077659607,-0.0000024120686248352285,1],[7,-0.5291059613227844,-0.4404637813568115,0.7252851724624634,0,-0.7271693348884583,0.675885021686554,-0.12001721560955048,0,-0.4373461604118347,-0.5909068584442139,-0.6779066324234009,0,1.0717167854309082,-0.4549696147441864,0.8564358353614807,1],[7,-0.19227202236652374,0.005089497659355402,0.9813284277915955,0,-0.8949065804481506,-0.4112684726715088,-0.1732063889503479,0,0.40270787477493286,-0.911500096321106,0.0836300402879715,0,0.4823272228240967,1.0366861820220947,-0.24225521087646484,1],[7,-0.2957286238670349,0.6216936707496643,0.7252872586250305,0,-0.8348973393440247,-0.5371613502502441,0.120016910135746,0,0.46421003341674805,-0.5700480341911316,0.6779043674468994,0,0.6422772407531738,0.6756565570831299,-0.8564354181289673,1],[7,-0.0330687016248703,0.07070367783308029,0.9969490170478821,0,-0.9967714548110962,-0.07535368949174881,-0.02771872654557228,0,0.0731639713048935,-0.9946470856666565,0.07296725362539291,0,0.6517073512077332,0.8486952781677246,-0.3406415283679962,1],[7,-1.9626131120276114e-7,4.4915540797774156e-7,-1,0,-0.9996169805526733,0.02767632156610489,2.086171093651501e-7,0,0.02767632156610489,0.9996169805526733,4.4355152795105823e-7,0,0.1695762574672699,-0.0636441558599472,-0.3897125720977783,1],[7,-0.04940500855445862,-0.11932355165481567,-0.9916253685951233,0,-0.8651983737945557,-0.4909088909626007,0.10217781364917755,0,-0.49899008870124817,0.8630006313323975,-0.07898517698049545,0,0.7621167898178101,0.19556444883346558,-0.3992947041988373,1],[7,-0.11783651262521744,-0.052853990346193314,-0.9916253089904785,0,-0.9661340117454529,0.23694878816604614,0.10217786580324173,0,0.22956392168998718,0.9700834155082703,-0.07898524403572083,0,0.41025200486183167,-0.11834454536437988,-0.39929473400115967,1],[7,0.0000015259348629115266,2.101593565839721e-7,-1,0,0.027676202356815338,0.9996169805526733,2.5231091171917797e-7,0,0.9996169805526733,-0.027676202356815338,0.0000015195338392004487,0,-0.3459587097167969,0.0234058927744627,-0.3897126317024231,1],[7,0.19227281212806702,-0.005092168692499399,0.9813282489776611,0,-0.8949066400527954,-0.4112684726715088,0.17320601642131805,0,0.40270736813545227,-0.911500096321106,-0.08363275229930878,0,0.48232728242874146,1.0366863012313843,0.24225538969039917,1],[7,0.2957296371459961,-0.6216955780982971,0.7252852320671082,0,-0.834897518157959,-0.5371610522270203,-0.12001722306013107,0,0.4642091691493988,-0.5700461864471436,-0.6779065132141113,0,0.6422774195671082,0.6756563186645508,0.8564358353614807,1],[7,0.03306840732693672,-0.07070469856262207,0.9969490170478821,0,-0.9967714548110962,-0.07535367459058762,0.027718357741832733,0,0.0731639415025711,-0.9946470260620117,-0.0729682594537735,0,0.6517073512077332,0.8486959338188171,0.3406403064727783,1]],8,8,8,8,8,8,8,8,8,8,8,8,8,8,8,8,8,8,8,8,8,8,8,8,8,8,8,8,8,8,8,8,8,8,8,8,8]]],0,0,[],[],[]],[[[7,".bin",2917481049,[{"primitives":[{"primitiveMode":7,"jointMapIndex":0,"vertexBundelIndices":[0],"indexView":{"offset":184976,"length":12768,"count":6384,"stride":2}},{"primitiveMode":7,"jointMapIndex":1,"vertexBundelIndices":[1],"indexView":{"offset":278968,"length":6264,"count":3132,"stride":2}}],"vertexBundles":[{"view":{"offset":0,"length":184976,"count":2102,"stride":88},"attributes":[{"name":"a_position","format":32,"isNormalized":false},{"name":"a_normal","format":32,"isNormalized":false},{"name":"a_texCoord","format":21,"isNormalized":false},{"name":"a_tangent","format":44,"isNormalized":false},{"name":"a_joints","format":42,"isNormalized":false},{"name":"a_weights","format":44,"isNormalized":false},{"name":"a_color","format":44,"isNormalized":false}]},{"view":{"offset":197744,"length":81224,"count":923,"stride":88},"attributes":[{"name":"a_position","format":32,"isNormalized":false},{"name":"a_normal","format":32,"isNormalized":false},{"name":"a_texCoord","format":21,"isNormalized":false},{"name":"a_tangent","format":44,"isNormalized":false},{"name":"a_joints","format":42,"isNormalized":false},{"name":"a_weights","format":44,"isNormalized":false},{"name":"a_color","format":44,"isNormalized":false}]}],"jointMaps":[[0,1,2,3,4,5,6,7,8,9,10,11,12,13,14,16,18,19,20,21,22,23,24,26,27,29,30,31,32],[0,2,3,4,5,6,7,10,12,24,26,27,28,29,30,34,35,36]]},"minPosition",8,[1,-0.5495549440383911,-0.06132959946990013,-2.747073173522949],"maxPosition",8,[1,0.5495548844337463,1.821942925453186,1.7781916856765747]]],-1],0,0,[],[],[]],[[[3,[{"rasterizerState":{},"depthStencilState":{},"blendState":{"targets":[{}]}},{"rasterizerState":{},"depthStencilState":{},"blendState":{"targets":[{}]}},{"rasterizerState":{},"depthStencilState":{},"blendState":{"targets":[{}]}},{"rasterizerState":{},"depthStencilState":{},"blendState":{"targets":[{}]}}],[{"USE_OUTLINE_PASS":true},{"USE_BASE_COLOR_MAP":true,"BASE_COLOR_MAP_AS_SHADE_MAP_1":true,"BASE_COLOR_MAP_AS_SHADE_MAP_2":true},{},{}],[[[{"lineWidth":30},"baseColor",8,[4,4283651071]],[{"baseStep":1,"baseFeather":0.25,"shadeStep":0,"shadeFeather":0},"mainColor",8,[4,4294967295],"specular",8,[4,1275068416],"mainTexture",6,0],{},{}],11,11,0,0]]],0,0,[0,0],[1,2],[5,0]],[[[11,"builtin-toon",[{"hash":2285632444,"name":"builtin-toon|outline-vs:vert|outline-fs:frag","blocks":[{"name":"OutlineVert","stageFlags":1,"binding":0,"members":[{"name":"outlineParams","type":16,"count":1}],"defines":[]},{"name":"OutlineFrag","stageFlags":16,"binding":1,"members":[{"name":"baseColor","type":16,"count":1}],"defines":[]}],"samplerTextures":[{"name":"baseColorMap","type":28,"count":1,"stageFlags":16,"binding":2,"defines":["USE_BASE_COLOR_MAP"]}],"samplers":[],"textures":[],"buffers":[],"images":[],"subpassInputs":[],"attributes":[{"name":"a_position","format":32,"location":0,"defines":[]},{"name":"a_normal","format":32,"location":1,"defines":[]},{"name":"a_texCoord","format":21,"location":2,"defines":[]},{"name":"a_tangent","format":44,"location":3,"defines":[]},{"name":"a_joints","location":4,"defines":["CC_USE_SKINNING"]},{"name":"a_weights","format":44,"location":5,"defines":["CC_USE_SKINNING"]},{"name":"a_jointAnimInfo","format":44,"isInstanced":true,"location":6,"defines":["USE_INSTANCING","CC_USE_BAKED_ANIMATION"]},{"name":"a_matWorld0","format":44,"isInstanced":true,"location":7,"defines":["USE_INSTANCING"]},{"name":"a_matWorld1","format":44,"isInstanced":true,"location":8,"defines":["USE_INSTANCING"]},{"name":"a_matWorld2","format":44,"isInstanced":true,"location":9,"defines":["USE_INSTANCING"]},{"name":"a_lightingMapUVParam","format":44,"isInstanced":true,"location":10,"defines":["USE_INSTANCING","CC_USE_LIGHTMAP"]},{"name":"a_localShadowBias","format":21,"isInstanced":true,"location":11,"defines":["USE_INSTANCING","CC_RECEIVE_SHADOW"]},{"name":"a_dyn_batch_id","format":11,"location":12,"defines":["!USE_INSTANCING","USE_BATCHING"]},{"name":"a_vertexId","format":11,"location":13,"defines":["CC_USE_MORPH"]}],"varyings":[{"name":"v_uv","type":14,"count":1,"stageFlags":17,"location":0,"defines":[]}],"fragColors":[{"name":"cc_FragColor","typename":"vec4","type":16,"count":1,"stageFlags":16,"location":0,"defines":[]}],"glsl4":{"vert":"#extension GL_EXT_shader_explicit_arithmetic_types_int32: require\nprecision highp float;\n#define QUATER_PI         0.78539816340\n#define HALF_PI           1.57079632679\n#define PI                3.14159265359\n#define PI2               6.28318530718\n#define PI4               12.5663706144\n#define INV_QUATER_PI     1.27323954474\n#define INV_HALF_PI       0.63661977237\n#define INV_PI            0.31830988618\n#define INV_PI2           0.15915494309\n#define INV_PI4           0.07957747155\n#define EPSILON           1e-6\n#define EPSILON_LOWP      1e-4\n#define LOG2              1.442695\n#define EXP_VALUE         2.71828183f\n#define FP_MAX            65504.0\n#define FP_SCALE          0.0009765625\n#define FP_SCALE_INV      1024.0\n#define GRAY_VECTOR       vec3(0.299, 0.587, 0.114)\nhighp float decode32 (highp vec4 rgba) {\n  rgba = rgba * 255.0;\n  highp float Sign = 1.0 - (step(128.0, (rgba[3]) + 0.5)) * 2.0;\n  highp float Exponent = 2.0 * (mod(float(int((rgba[3]) + 0.5)), 128.0)) + (step(128.0, (rgba[2]) + 0.5)) - 127.0;\n  highp float Mantissa = (mod(float(int((rgba[2]) + 0.5)), 128.0)) * 65536.0 + rgba[1] * 256.0 + rgba[0] + 8388608.0;\n  return Sign * exp2(Exponent - 23.0) * Mantissa;\n}\nstruct StandardVertInput {\n  highp vec4 position;\n  vec3 normal;\n  vec4 tangent;\n};\nlayout(location = 0) in vec3 a_position;\nlayout(location = 1) in vec3 a_normal;\nlayout(location = 2) in vec2 a_texCoord;\nlayout(location = 3) in vec4 a_tangent;\n#if CC_USE_SKINNING\n    layout(location = 4) in u32vec4 a_joints;\n  layout(location = 5) in vec4 a_weights;\n#endif\n#if USE_INSTANCING\n  #if CC_USE_BAKED_ANIMATION\n    layout(location = 6) in highp vec4 a_jointAnimInfo;\n  #endif\n  layout(location = 7) in vec4 a_matWorld0;\n  layout(location = 8) in vec4 a_matWorld1;\n  layout(location = 9) in vec4 a_matWorld2;\n  #if CC_USE_LIGHTMAP\n    layout(location = 10) in vec4 a_lightingMapUVParam;\n  #endif\n  #if CC_RECEIVE_SHADOW\n    layout(location = 11) in vec2 a_localShadowBias;\n  #endif\n#elif USE_BATCHING\n  layout(location = 12) in float a_dyn_batch_id;\n#endif\n#if CC_USE_MORPH\n    int getVertexId() {\n      return gl_VertexIndex;\n    }\n#endif\n#if CC_USE_MORPH\n  layout(set = 2, binding = 4) uniform CCMorph {\n    vec4 cc_displacementWeights[15];\n    vec4 cc_displacementTextureInfo;\n  };\n  vec2 getPixelLocation(vec2 textureResolution, int pixelIndex) {\n    float pixelIndexF = float(pixelIndex);\n    float x = mod(pixelIndexF, textureResolution.x);\n    float y = floor(pixelIndexF / textureResolution.x);\n    return vec2(x, y);\n  }\n  vec2 getPixelCoordFromLocation(vec2 location, vec2 textureResolution) {\n    return (vec2(location.x, location.y) + .5) / textureResolution;\n  }\n  #if CC_DEVICE_SUPPORT_FLOAT_TEXTURE\n      vec4 fetchVec3ArrayFromTexture(sampler2D tex, int pixelIndex) {\n        ivec2 texSize = textureSize(tex, 0);\n        return texelFetch(tex, ivec2(pixelIndex % texSize.x, pixelIndex / texSize.x), 0);\n      }\n  #else\n    vec4 fetchVec3ArrayFromTexture(sampler2D tex, int elementIndex) {\n      int pixelIndex = elementIndex * 4;\n      vec2 location = getPixelLocation(cc_displacementTextureInfo.xy, pixelIndex);\n      vec2 x = getPixelCoordFromLocation(location + vec2(0.0, 0.0), cc_displacementTextureInfo.xy);\n      vec2 y = getPixelCoordFromLocation(location + vec2(1.0, 0.0), cc_displacementTextureInfo.xy);\n      vec2 z = getPixelCoordFromLocation(location + vec2(2.0, 0.0), cc_displacementTextureInfo.xy);\n      return vec4(\n        decode32(texture(tex, x)),\n        decode32(texture(tex, y)),\n        decode32(texture(tex, z)),\n        1.0\n      );\n    }\n  #endif\n  float getDisplacementWeight(int index) {\n    int quot = index / 4;\n    int remainder = index - quot * 4;\n    if (remainder == 0) {\n      return cc_displacementWeights[quot].x;\n    } else if (remainder == 1) {\n      return cc_displacementWeights[quot].y;\n    } else if (remainder == 2) {\n      return cc_displacementWeights[quot].z;\n    } else {\n      return cc_displacementWeights[quot].w;\n    }\n  }\n  vec3 getVec3DisplacementFromTexture(sampler2D tex, int vertexIndex) {\n  #if CC_MORPH_PRECOMPUTED\n    return fetchVec3ArrayFromTexture(tex, vertexIndex).rgb;\n  #else\n    vec3 result = vec3(0, 0, 0);\n    int nVertices = int(cc_displacementTextureInfo.z);\n    for (int iTarget = 0; iTarget < CC_MORPH_TARGET_COUNT; ++iTarget) {\n      result += (fetchVec3ArrayFromTexture(tex, nVertices * iTarget + vertexIndex).rgb * getDisplacementWeight(iTarget));\n    }\n    return result;\n  #endif\n  }\n  #if CC_MORPH_TARGET_HAS_POSITION\n    layout(set = 2, binding = 7) uniform sampler2D cc_PositionDisplacements;\n    vec3 getPositionDisplacement(int vertexId) {\n      return getVec3DisplacementFromTexture(cc_PositionDisplacements, vertexId);\n    }\n  #endif\n  #if CC_MORPH_TARGET_HAS_NORMAL\n    layout(set = 2, binding = 8) uniform sampler2D cc_NormalDisplacements;\n    vec3 getNormalDisplacement(int vertexId) {\n      return getVec3DisplacementFromTexture(cc_NormalDisplacements, vertexId);\n    }\n  #endif\n  #if CC_MORPH_TARGET_HAS_TANGENT\n    layout(set = 2, binding = 9) uniform sampler2D cc_TangentDisplacements;\n    vec3 getTangentDisplacement(int vertexId) {\n      return getVec3DisplacementFromTexture(cc_TangentDisplacements, vertexId);\n    }\n  #endif\n  void applyMorph (inout vec4 position, inout vec3 normal, inout vec4 tangent) {\n    int vertexId = getVertexId();\n  #if CC_MORPH_TARGET_HAS_POSITION\n    position.xyz = position.xyz + getPositionDisplacement(vertexId);\n  #endif\n  #if CC_MORPH_TARGET_HAS_NORMAL\n    normal.xyz = normal.xyz + getNormalDisplacement(vertexId);\n  #endif\n  #if CC_MORPH_TARGET_HAS_TANGENT\n    tangent.xyz = tangent.xyz + getTangentDisplacement(vertexId);\n  #endif\n  }\n  void applyMorph (inout vec4 position) {\n  #if CC_MORPH_TARGET_HAS_POSITION\n    position.xyz = position.xyz + getPositionDisplacement(getVertexId());\n  #endif\n  }\n#endif\n#if CC_USE_SKINNING\n  #if CC_USE_BAKED_ANIMATION\n    layout(set = 2, binding = 3) uniform CCSkinningTexture {\n      highp vec4 cc_jointTextureInfo;\n    };\n    layout(set = 2, binding = 2) uniform CCSkinningAnimation {\n      highp vec4 cc_jointAnimInfo;\n    };\n    layout(set = 2, binding = 6) uniform highp sampler2D cc_jointTexture;\n    void CCGetJointTextureCoords(float pixelsPerJoint, float jointIdx, out highp float x, out highp float y, out highp float invSize)\n    {\n      #if USE_INSTANCING\n        highp float temp = pixelsPerJoint * (a_jointAnimInfo.x * a_jointAnimInfo.y + jointIdx) + a_jointAnimInfo.z;\n      #else\n        highp float temp = pixelsPerJoint * (cc_jointAnimInfo.x * cc_jointTextureInfo.y + jointIdx) + cc_jointTextureInfo.z;\n      #endif\n      invSize = cc_jointTextureInfo.w;\n      highp float tempY = floor(temp * invSize);\n      x = floor(temp - tempY * cc_jointTextureInfo.x);\n      y = (tempY + 0.5) * invSize;\n    }\n  #else\n    layout(set = 2, binding = 3) uniform CCSkinning {\n      highp vec4 cc_joints[30 * 3];\n    };\n  #endif\n  #if CC_USE_BAKED_ANIMATION\n    #if CC_DEVICE_SUPPORT_FLOAT_TEXTURE\n      mat4 getJointMatrix (float i) {\n        highp float x, y, invSize;\n        CCGetJointTextureCoords(3.0, i, x, y, invSize);\n        vec4 v1 = texture(cc_jointTexture, vec2((x + 0.5) * invSize, y));\n        vec4 v2 = texture(cc_jointTexture, vec2((x + 1.5) * invSize, y));\n        vec4 v3 = texture(cc_jointTexture, vec2((x + 2.5) * invSize, y));\n        return mat4(vec4(v1.xyz, 0.0), vec4(v2.xyz, 0.0), vec4(v3.xyz, 0.0), vec4(v1.w, v2.w, v3.w, 1.0));\n      }\n    #else\n      mat4 getJointMatrix (float i) {\n        highp float x, y, invSize;\n        CCGetJointTextureCoords(12.0, i, x, y, invSize);\n        vec4 v1 = vec4(\n          decode32(texture(cc_jointTexture, vec2((x + 0.5) * invSize, y))),\n          decode32(texture(cc_jointTexture, vec2((x + 1.5) * invSize, y))),\n          decode32(texture(cc_jointTexture, vec2((x + 2.5) * invSize, y))),\n          decode32(texture(cc_jointTexture, vec2((x + 3.5) * invSize, y)))\n        );\n        vec4 v2 = vec4(\n          decode32(texture(cc_jointTexture, vec2((x + 4.5) * invSize, y))),\n          decode32(texture(cc_jointTexture, vec2((x + 5.5) * invSize, y))),\n          decode32(texture(cc_jointTexture, vec2((x + 6.5) * invSize, y))),\n          decode32(texture(cc_jointTexture, vec2((x + 7.5) * invSize, y)))\n        );\n        vec4 v3 = vec4(\n          decode32(texture(cc_jointTexture, vec2((x + 8.5) * invSize, y))),\n          decode32(texture(cc_jointTexture, vec2((x + 9.5) * invSize, y))),\n          decode32(texture(cc_jointTexture, vec2((x + 10.5) * invSize, y))),\n          decode32(texture(cc_jointTexture, vec2((x + 11.5) * invSize, y)))\n        );\n        return mat4(vec4(v1.xyz, 0.0), vec4(v2.xyz, 0.0), vec4(v3.xyz, 0.0), vec4(v1.w, v2.w, v3.w, 1.0));\n      }\n    #endif\n  #else\n    mat4 getJointMatrix (float i) {\n      int idx = int(i);\n      vec4 v1 = cc_joints[idx * 3];\n      vec4 v2 = cc_joints[idx * 3 + 1];\n      vec4 v3 = cc_joints[idx * 3 + 2];\n      return mat4(vec4(v1.xyz, 0.0), vec4(v2.xyz, 0.0), vec4(v3.xyz, 0.0), vec4(v1.w, v2.w, v3.w, 1.0));\n    }\n  #endif\n  mat4 skinMatrix () {\n    vec4 joints = vec4(a_joints);\n    return getJointMatrix(joints.x) * a_weights.x\n         + getJointMatrix(joints.y) * a_weights.y\n         + getJointMatrix(joints.z) * a_weights.z\n         + getJointMatrix(joints.w) * a_weights.w;\n  }\n  void CCSkin (inout vec4 position) {\n    mat4 m = skinMatrix();\n    position = m * position;\n  }\n  void CCSkin (inout vec4 position, inout vec3 normal, inout vec4 tangent) {\n    mat4 m = skinMatrix();\n    position = m * position;\n    normal = (m * vec4(normal, 0.0)).xyz;\n    tangent.xyz = (m * vec4(tangent.xyz, 0.0)).xyz;\n  }\n#endif\nvoid CCVertInput(inout StandardVertInput In)\n{\n    In.position = vec4(a_position, 1.0);\n    In.normal = a_normal;\n    In.tangent = a_tangent;\n  #if CC_USE_MORPH\n    applyMorph(In.position, In.normal, In.tangent);\n  #endif\n  #if CC_USE_SKINNING\n    CCSkin(In.position, In.normal, In.tangent);\n  #endif\n}\nlayout(set = 0, binding = 0) uniform CCGlobal {\n  highp   vec4 cc_time;\n  mediump vec4 cc_screenSize;\n  mediump vec4 cc_nativeSize;\n};\nlayout(set = 0, binding = 1) uniform CCCamera {\n  highp   mat4 cc_matView;\n  highp   mat4 cc_matViewInv;\n  highp   mat4 cc_matProj;\n  highp   mat4 cc_matProjInv;\n  highp   mat4 cc_matViewProj;\n  highp   mat4 cc_matViewProjInv;\n  highp   vec4 cc_cameraPos;\n  mediump vec4 cc_screenScale;\n  mediump vec4 cc_exposure;\n  mediump vec4 cc_mainLitDir;\n  mediump vec4 cc_mainLitColor;\n  mediump vec4 cc_ambientSky;\n  mediump vec4 cc_ambientGround;\n  mediump vec4 cc_fogColor;\n  mediump vec4 cc_fogBase;\n  mediump vec4 cc_fogAdd;\n  mediump vec4 cc_nearFar;\n  mediump vec4 cc_viewPort;\n};\n#if !USE_INSTANCING\n  #if USE_BATCHING\n    layout(set = 2, binding = 0) uniform CCLocalBatched {\n      highp mat4 cc_matWorlds[10];\n    };\n  #else\n    layout(set = 2, binding = 0) uniform CCLocal {\n      highp mat4 cc_matWorld;\n      highp mat4 cc_matWorldIT;\n      highp vec4 cc_lightingMapUVParam;\n      highp vec4 cc_localShadowBias;\n    };\n  #endif\n#endif\nvoid CCGetWorldMatrix(out mat4 matWorld)\n{\n  #if USE_INSTANCING\n    matWorld = mat4(\n      vec4(a_matWorld0.xyz, 0.0),\n      vec4(a_matWorld1.xyz, 0.0),\n      vec4(a_matWorld2.xyz, 0.0),\n      vec4(a_matWorld0.w, a_matWorld1.w, a_matWorld2.w, 1.0)\n    );\n  #elif USE_BATCHING\n    matWorld = cc_matWorlds[int(a_dyn_batch_id)];\n  #else\n    matWorld = cc_matWorld;\n  #endif\n}\nlayout(location = 0) out vec2 v_uv;\nlayout(set = 1, binding = 0) uniform OutlineVert {\n  vec4 outlineParams;\n};\nvec4 vert () {\n  StandardVertInput In;\n  CCVertInput(In);\n  mat4 matWorld;\n  CCGetWorldMatrix(matWorld);\n  float width = outlineParams.x * 0.001;\n  #if USE_POSITION_SCALING\n    vec3 dir = normalize(In.position.xyz);\n    float flip = dot(dir, normalize(In.normal)) < 0.0 ? -1.0 : 1.0;\n    In.position.xyz += flip * dir * width * 2.0;\n    vec4 pos = cc_matProj * (cc_matView * matWorld) * In.position;\n  #else\n    In.position.xyz += normalize(In.normal) * width;\n    vec4 pos = cc_matProj * (cc_matView * matWorld) * In.position;\n  #endif\n  pos.z -= outlineParams.y * 0.002;\n  v_uv = a_texCoord;\n  return pos;\n}\nvoid main() { gl_Position = vert(); }","frag":"\nprecision highp float;\nlayout(set = 0, binding = 0) uniform CCGlobal {\n  highp   vec4 cc_time;\n  mediump vec4 cc_screenSize;\n  mediump vec4 cc_nativeSize;\n};\nlayout(set = 0, binding = 1) uniform CCCamera {\n  highp   mat4 cc_matView;\n  highp   mat4 cc_matViewInv;\n  highp   mat4 cc_matProj;\n  highp   mat4 cc_matProjInv;\n  highp   mat4 cc_matViewProj;\n  highp   mat4 cc_matViewProjInv;\n  highp   vec4 cc_cameraPos;\n  mediump vec4 cc_screenScale;\n  mediump vec4 cc_exposure;\n  mediump vec4 cc_mainLitDir;\n  mediump vec4 cc_mainLitColor;\n  mediump vec4 cc_ambientSky;\n  mediump vec4 cc_ambientGround;\n  mediump vec4 cc_fogColor;\n  mediump vec4 cc_fogBase;\n  mediump vec4 cc_fogAdd;\n  mediump vec4 cc_nearFar;\n  mediump vec4 cc_viewPort;\n};\nvec3 SRGBToLinear (vec3 gamma) {\n  return gamma * gamma;\n}\nvec4 CCFragOutput (vec4 color) {\n  return color;\n}\nlayout(location = 0) in vec2 v_uv;\nlayout(set = 1, binding = 1) uniform OutlineFrag {\n  vec4 baseColor;\n};\n#if USE_BASE_COLOR_MAP\n  layout(set = 1, binding = 2) uniform sampler2D baseColorMap;\n#endif\nvec4 frag () {\n  vec4 color = baseColor * cc_mainLitColor;\n  #if USE_BASE_COLOR_MAP\n    vec4 texColor = texture(baseColorMap, v_uv);\n    texColor.rgb = SRGBToLinear(texColor.rgb);\n    color *= texColor;\n  #endif\n  return CCFragOutput(vec4(color.rgb, 1.0));\n}\nlayout(location = 0) out vec4 cc_FragColor;\nvoid main() { cc_FragColor = frag(); }"},"glsl3":{"vert":"\nprecision highp float;\n#define QUATER_PI         0.78539816340\n#define HALF_PI           1.57079632679\n#define PI                3.14159265359\n#define PI2               6.28318530718\n#define PI4               12.5663706144\n#define INV_QUATER_PI     1.27323954474\n#define INV_HALF_PI       0.63661977237\n#define INV_PI            0.31830988618\n#define INV_PI2           0.15915494309\n#define INV_PI4           0.07957747155\n#define EPSILON           1e-6\n#define EPSILON_LOWP      1e-4\n#define LOG2              1.442695\n#define EXP_VALUE         2.71828183f\n#define FP_MAX            65504.0\n#define FP_SCALE          0.0009765625\n#define FP_SCALE_INV      1024.0\n#define GRAY_VECTOR       vec3(0.299, 0.587, 0.114)\nhighp float decode32 (highp vec4 rgba) {\n  rgba = rgba * 255.0;\n  highp float Sign = 1.0 - (step(128.0, (rgba[3]) + 0.5)) * 2.0;\n  highp float Exponent = 2.0 * (mod(float(int((rgba[3]) + 0.5)), 128.0)) + (step(128.0, (rgba[2]) + 0.5)) - 127.0;\n  highp float Mantissa = (mod(float(int((rgba[2]) + 0.5)), 128.0)) * 65536.0 + rgba[1] * 256.0 + rgba[0] + 8388608.0;\n  return Sign * exp2(Exponent - 23.0) * Mantissa;\n}\nstruct StandardVertInput {\n  highp vec4 position;\n  vec3 normal;\n  vec4 tangent;\n};\nin vec3 a_position;\nin vec3 a_normal;\nin vec2 a_texCoord;\nin vec4 a_tangent;\n#if CC_USE_SKINNING\n    in vec4 a_joints;\n  in vec4 a_weights;\n#endif\n#if USE_INSTANCING\n  #if CC_USE_BAKED_ANIMATION\n    in highp vec4 a_jointAnimInfo;\n  #endif\n  in vec4 a_matWorld0;\n  in vec4 a_matWorld1;\n  in vec4 a_matWorld2;\n  #if CC_USE_LIGHTMAP\n    in vec4 a_lightingMapUVParam;\n  #endif\n  #if CC_RECEIVE_SHADOW\n    in vec2 a_localShadowBias;\n  #endif\n#elif USE_BATCHING\n  in float a_dyn_batch_id;\n#endif\n#if CC_USE_MORPH\n    in float a_vertexId;\n    int getVertexId() {\n      return int(a_vertexId);\n    }\n#endif\n#if CC_USE_MORPH\n  layout(std140) uniform CCMorph {\n    vec4 cc_displacementWeights[15];\n    vec4 cc_displacementTextureInfo;\n  };\n  vec2 getPixelLocation(vec2 textureResolution, int pixelIndex) {\n    float pixelIndexF = float(pixelIndex);\n    float x = mod(pixelIndexF, textureResolution.x);\n    float y = floor(pixelIndexF / textureResolution.x);\n    return vec2(x, y);\n  }\n  vec2 getPixelCoordFromLocation(vec2 location, vec2 textureResolution) {\n    return (vec2(location.x, location.y) + .5) / textureResolution;\n  }\n  #if CC_DEVICE_SUPPORT_FLOAT_TEXTURE\n      vec4 fetchVec3ArrayFromTexture(sampler2D tex, int pixelIndex) {\n        ivec2 texSize = textureSize(tex, 0);\n        return texelFetch(tex, ivec2(pixelIndex % texSize.x, pixelIndex / texSize.x), 0);\n      }\n  #else\n    vec4 fetchVec3ArrayFromTexture(sampler2D tex, int elementIndex) {\n      int pixelIndex = elementIndex * 4;\n      vec2 location = getPixelLocation(cc_displacementTextureInfo.xy, pixelIndex);\n      vec2 x = getPixelCoordFromLocation(location + vec2(0.0, 0.0), cc_displacementTextureInfo.xy);\n      vec2 y = getPixelCoordFromLocation(location + vec2(1.0, 0.0), cc_displacementTextureInfo.xy);\n      vec2 z = getPixelCoordFromLocation(location + vec2(2.0, 0.0), cc_displacementTextureInfo.xy);\n      return vec4(\n        decode32(texture(tex, x)),\n        decode32(texture(tex, y)),\n        decode32(texture(tex, z)),\n        1.0\n      );\n    }\n  #endif\n  float getDisplacementWeight(int index) {\n    int quot = index / 4;\n    int remainder = index - quot * 4;\n    if (remainder == 0) {\n      return cc_displacementWeights[quot].x;\n    } else if (remainder == 1) {\n      return cc_displacementWeights[quot].y;\n    } else if (remainder == 2) {\n      return cc_displacementWeights[quot].z;\n    } else {\n      return cc_displacementWeights[quot].w;\n    }\n  }\n  vec3 getVec3DisplacementFromTexture(sampler2D tex, int vertexIndex) {\n  #if CC_MORPH_PRECOMPUTED\n    return fetchVec3ArrayFromTexture(tex, vertexIndex).rgb;\n  #else\n    vec3 result = vec3(0, 0, 0);\n    int nVertices = int(cc_displacementTextureInfo.z);\n    for (int iTarget = 0; iTarget < CC_MORPH_TARGET_COUNT; ++iTarget) {\n      result += (fetchVec3ArrayFromTexture(tex, nVertices * iTarget + vertexIndex).rgb * getDisplacementWeight(iTarget));\n    }\n    return result;\n  #endif\n  }\n  #if CC_MORPH_TARGET_HA